     Tiempo (s)           Altura (m)      Velocidad (m/s)
        0.00000        4000.00000000           0.00000000
        0.10000        4000.00000000           0.98100000
        0.20000        3999.90190000           1.94667188
        0.30000        3999.70723281           2.89725513
        0.40000        3999.41750730           3.83298552
        0.50000        3999.03420875           4.75409512
        0.60000        3998.55879924           5.66081238
        0.70000        3997.99271800           6.55336219
        0.80000        3997.33738178           7.43196590
        0.90000        3996.59418519           8.29684144
        1.00000        3995.76450105           9.14820329
        1.10000        3994.84968072           9.98626261
        1.20000        3993.85105446          10.81122726
        1.30000        3992.76993173          11.62330183
        1.40000        3991.60760155          12.42268774
        1.50000        3990.36533277          13.20958325
        1.60000        3989.04437445          13.98418351
        1.70000        3987.64595610          14.74668064
        1.80000        3986.17128803          15.49726376
        1.90000        3984.62156166          16.23611901
        2.00000        3982.99794976          16.96342965
        2.10000        3981.30160679          17.67937606
        2.20000        3979.53366919          18.38413581
        2.30000        3977.69525560          19.07788369
        2.40000        3975.78746724          19.76079176
        2.50000        3973.81138806          20.43302938
        2.60000        3971.76808512          21.09476330
        2.70000        3969.65860879          21.74615762
        2.80000        3967.48399303          22.38737391
        2.90000        3965.24525564          23.01857119
        3.00000        3962.94339852          23.63990602
        3.10000        3960.57940792          24.25153249
        3.20000        3958.15425467          24.85360229
        3.30000        3955.66889444          25.44626476
        3.40000        3953.12426796          26.02966687
        3.50000        3950.52130128          26.60395332
        3.60000        3947.86090594          27.16926655
        3.70000        3945.14397929          27.72574676
        3.80000        3942.37140461          28.27353197
        3.90000        3939.54405142          28.81275803
        4.00000        3936.66277561          29.34355869
        4.10000        3933.72841974          29.86606558
        4.20000        3930.74181318          30.38040831
        4.30000        3927.70377235          30.88671443
        4.40000        3924.61510091          31.38510952
        4.50000        3921.47658996          31.87571718
        4.60000        3918.28901824          32.35865910
        4.70000        3915.05315233          32.83405505
        4.80000        3911.76974683          33.30202294
        4.90000        3908.43954453          33.76267883
        5.00000        3905.06327665          34.21613698
        5.10000        3901.64166295          34.66250984
        5.20000        3898.17541197          35.10190812
        5.30000        3894.66522115          35.53444081
        5.40000        3891.11177707          35.96021517
        5.50000        3887.51575556          36.37933681
        5.60000        3883.87782188          36.79190967
        5.70000        3880.19863091          37.19803608
        5.80000        3876.47882730          37.59781677
        5.90000        3872.71904563          37.99135088
        6.00000        3868.91991054          38.37873602
        6.10000        3865.08203694          38.76006827
        6.20000        3861.20603011          39.13544220
        6.30000        3857.29248589          39.50495092
        6.40000        3853.34199080          39.86868606
        6.50000        3849.35512219          40.22673784
        6.60000        3845.33244841          40.57919506
        6.70000        3841.27452890          40.92614514
        6.80000        3837.18191439          41.26767412
        6.90000        3833.05514697          41.60386671
        7.00000        3828.89476030          41.93480630
        7.10000        3824.70127967          42.26057495
        7.20000        3820.47522218          42.58125347
        7.30000        3816.21709683          42.89692138
        7.40000        3811.92740469          43.20765698
        7.50000        3807.60663899          43.51353734
        7.60000        3803.25528526          43.81463832
        7.70000        3798.87382143          44.11103460
        7.80000        3794.46271797          44.40279968
        7.90000        3790.02243800          44.69000594
        8.00000        3785.55343741          44.97272459
        8.10000        3781.05616495          45.25102577
        8.20000        3776.53106237          45.52497850
        8.30000        3771.97856452          45.79465071
        8.40000        3767.39909945          46.06010929
        8.50000        3762.79308852          46.32142008
        8.60000        3758.16094651          46.57864789
        8.70000        3753.50308172          46.83185652
        8.80000        3748.81989607          47.08110876
        8.90000        3744.11178519          47.32646644
        9.00000        3739.37913855          47.56799040
        9.10000        3734.62233951          47.80574055
        9.20000        3729.84176546          48.03977585
        9.30000        3725.03778787          48.27015435
        9.40000        3720.21077244          48.49693319
        9.50000        3715.36107912          48.72016861
        9.60000        3710.48906226          48.93991598
        9.70000        3705.59507066          49.15622979
        9.80000        3700.67944768          49.36916370
        9.90000        3695.74253131          49.57877052
       10.00000        3690.78465426          49.78510223
       10.10000        3685.80614403          49.98821001
       10.20000        3680.80732303          50.18814422
       10.30000        3675.78850861          50.38495447
       10.40000        3670.75001316          50.57868956
       10.50000        3665.69214421          50.76939753
       10.60000        3660.61520445          50.95712570
       10.70000        3655.51949189          51.14192061
       10.80000        3650.40529982          51.32382810
       10.90000        3645.27291701          51.50289328
       11.00000        3640.12262769          51.67916058
       11.10000        3634.95471163          51.85267369
       11.20000        3629.76944426          52.02347567
       11.30000        3624.56709669          52.19160886
       11.40000        3619.34793581          52.35711497
       11.50000        3614.11222431          52.52003505
       11.60000        3608.86022081          52.68040950
       11.70000        3603.59217986          52.83827810
       11.80000        3598.30835205          52.99368001
       11.90000        3593.00898404          53.14665376
       12.00000        3587.69431867          53.29723729
       12.10000        3582.36459494          53.44546796
       12.20000        3577.02004814          53.59138252
       12.30000        3571.66090989          53.73501717
       12.40000        3566.28740817          53.87640753
       12.50000        3560.89976742          54.01558866
       12.60000        3555.49820856          54.15259509
       12.70000        3550.08294905          54.28746079
       12.80000        3544.65420297          54.42021921
       12.90000        3539.21218105          54.55090329
       13.00000        3533.75709072          54.67954542
       13.10000        3528.28913618          54.80617753
       13.20000        3522.80851842          54.93083100
       13.30000        3517.31543532          55.05353677
       13.40000        3511.81008165          55.17432526
       13.50000        3506.29264912          55.29322642
       13.60000        3500.76332648          55.41026976
       13.70000        3495.22229950          55.52548430
       13.80000        3489.66975107          55.63889860
       13.90000        3484.10586121          55.75054081
       14.00000        3478.53080713          55.86043861
       14.10000        3472.94476327          55.96861926
       14.20000        3467.34790134          56.07510958
       14.30000        3461.74039038          56.17993600
       14.40000        3456.12239678          56.28312450
       14.50000        3450.49408433          56.38470068
       14.60000        3444.85561427          56.48468973
       14.70000        3439.20714529          56.58311645
       14.80000        3433.54883365          56.68000526
       14.90000        3427.88083312          56.77538018
       15.00000        3422.20329510          56.86926486
       15.10000        3416.51636862          56.96168260
       15.20000        3410.82020036          57.05265631
       15.30000        3405.11493473          57.14220855
       15.40000        3399.40071387          57.23036154
       15.50000        3393.67767772          57.31713714
       15.60000        3387.94596400          57.40255688
       15.70000        3382.20570832          57.48664192
       15.80000        3376.45704412          57.56941314
       15.90000        3370.70010281          57.65089106
       16.00000        3364.93501370          57.73109589
       16.10000        3359.16190411          57.81004752
       16.20000        3353.38089936          57.88776553
       16.30000        3347.59212281          57.96426919
       16.40000        3341.79569589          58.03957748
       16.50000        3335.99173814          58.11370908
       16.60000        3330.18036723          58.18668238
       16.70000        3324.36169900          58.25851547
       16.80000        3318.53584745          58.32922616
       16.90000        3312.70292483          58.39883201
       17.00000        3306.86304163          58.46735026
       17.10000        3301.01630661          58.53479791
       17.20000        3295.16282682          58.60119169
       17.30000        3289.30270765          58.66654807
       17.40000        3283.43605284          58.73088326
       17.50000        3277.56296452          58.79421321
       17.60000        3271.68354319          58.85655362
       17.70000        3265.79788783          58.91791997
       17.80000        3259.90609583          58.97832747
       17.90000        3254.00826309          59.03779111
       18.00000        3248.10448398          59.09632562
       18.10000        3242.19485141          59.15394553
       18.20000        3236.27945686          59.21066513
       18.30000        3230.35839035          59.26649849
       18.40000        3224.43174050          59.32145945
       18.50000        3218.49959455          59.37556165
       18.60000        3212.56203839          59.42881850
       18.70000        3206.61915654          59.48124321
       18.80000        3200.67103222          59.53284878
       18.90000        3194.71774734          59.58364802
       19.00000        3188.75938254          59.63365352
       19.10000        3182.79601718          59.68287769
       19.20000        3176.82772942          59.73133272
       19.30000        3170.85459614          59.77903065
       19.40000        3164.87669308          59.82598329
       19.50000        3158.89409475          59.87220230
       19.60000        3152.90687452          59.91769914
       19.70000        3146.91510461          59.96248509
       19.80000        3140.91885610          60.00657126
       19.90000        3134.91819897          60.04996859
       20.00000        3128.91320211          60.09268783
       20.10000        3122.90393333          60.13473958
       20.20000        3116.89045937          60.17613428
       20.30000        3110.87284594          60.21688218
       20.40000        3104.85115772          60.25699339
       20.50000        3098.82545838          60.29647787
       20.60000        3092.79581060          60.33534541
       20.70000        3086.76227606          60.37360563
       20.80000        3080.72491549          60.41126805
       20.90000        3074.68378869          60.44834198
       21.00000        3068.63895449          60.48483664
       21.10000        3062.59047083          60.52076107
       21.20000        3056.53839472          60.55612417
       21.30000        3050.48278230          60.59093473
       21.40000        3044.42368883          60.62520138
       21.50000        3038.36116869          60.65893261
       21.60000        3032.29527543          60.69213679
       21.70000        3026.22606175          60.72482215
       21.80000        3020.15357954          60.75699680
       21.90000        3014.07787986          60.78866873
       22.00000        3007.99901298          60.81984578
       22.10000        3001.91702841          60.85053569
       22.20000        2995.83197484          60.88074607
       22.30000        2989.74390023          60.91048441
       22.40000        2983.65285179          60.93975809
       22.50000        2977.55887598          60.96857437
       22.60000        2971.46201854          60.99694040
       22.70000        2965.36232450          61.02486320
       22.80000        2959.25983818          61.05234972
       22.90000        2953.15460321          61.07940675
       23.00000        2947.04666254          61.10604102
       23.10000        2940.93605843          61.13225913
       23.20000        2934.82283252          61.15806758
       23.30000        2928.70702576          61.18347278
       23.40000        2922.58867848          61.20848101
       23.50000        2916.46783038          61.23309850
       23.60000        2910.34452053          61.25733133
       23.70000        2904.21878740          61.28118553
       23.80000        2898.09066885          61.30466701
       23.90000        2891.96020215          61.32778159
       24.00000        2885.82742399          61.35053500
       24.10000        2879.69237049          61.37293289
       24.20000        2873.55507720          61.39498081
       24.30000        2867.41557912          61.41668424
       24.40000        2861.27391069          61.43804855
       24.50000        2855.13010584          61.45907904
       24.60000        2848.98419794          61.47978093
       24.70000        2842.83621984          61.50015935
       24.80000        2836.68620391          61.52021936
       24.90000        2830.53418197          61.53996593
       25.00000        2824.38018538          61.55940397
       25.10000        2818.22424498          61.57853828
       25.20000        2812.06639115          61.59737362
       25.30000        2805.90665379          61.61591466
       25.40000        2799.74506233          61.63416599
       25.50000        2793.58164573          61.65213215
       25.60000        2787.41643251          61.66981758
       25.70000        2781.24945076          61.68722668
       25.80000        2775.08072809          61.70436376
       25.90000        2768.91029171          61.72123308
       26.00000        2762.73816840          61.73783881
       26.10000        2756.56438452          61.75418508
       26.20000        2750.38896601          61.77027594
       26.30000        2744.21193842          61.78611538
       26.40000        2738.03332688          61.80170733
       26.50000        2731.85315615          61.81705565
       26.60000        2725.67145058          61.83216415
       26.70000        2719.48823417          61.84703659
       26.80000        2713.30353051          61.86167664
       26.90000        2707.11736285          61.87608794
       27.00000        2700.92975405          61.89027407
       27.10000        2694.74072664          61.90423854
       27.20000        2688.55030279          61.91798481
       27.30000        2682.35850431          61.93151630
       27.40000        2676.16535268          61.94483636
       27.50000        2669.97086904          61.95794829
       27.60000        2663.77507422          61.97085535
       27.70000        2657.57798868          61.98356073
       27.80000        2651.37963261          61.99606759
       27.90000        2645.18002585          62.00837904
       28.00000        2638.97918794          62.02049812
       28.10000        2632.77713813          62.03242783
       28.20000        2626.57389535          62.04417115
       28.30000        2620.36947823          62.05573097
       28.40000        2614.16390514          62.06711018
       28.50000        2607.95719412          62.07831158
       28.60000        2601.74936296          62.08933796
       28.70000        2595.54042916          62.10019206
       28.80000        2589.33040996          62.11087656
       28.90000        2583.11932230          62.12139411
       29.00000        2576.90718289          62.13174733
       29.10000        2570.69400816          62.14193877
       29.20000        2564.47981428          62.15197098
       29.30000        2558.26461718          62.16184644
       29.40000        2552.04843254          62.17156758
       29.50000        2545.83127578          62.18113684
       29.60000        2539.61316210          62.19055658
       29.70000        2533.39410644          62.19982913
       29.80000        2527.17412353          62.20895680
       29.90000        2520.95322785          62.21794185
       30.00000        2514.73143366          62.22678651
       30.10000        2508.50875501          62.23549297
       30.20000        2502.28520571          62.24406339
       30.30000        2496.06079937          62.25249990
       30.40000        2489.83554938          62.26080459
       30.50000        2483.60946893          62.26897952
       30.60000        2477.38257097          62.27702671
       30.70000        2471.15486830          62.28494817
       30.80000        2464.92637348          62.29274586
       30.90000        2458.69709890          62.30042170
       31.00000        2452.46705673          62.30797761
       31.10000        2446.23625897          62.31541546
       31.20000        2440.00471742          62.32273710
       31.30000        2433.77244371          62.32994433
       31.40000        2427.53944928          62.33703895
       31.50000        2421.30574538          62.34402272
       31.60000        2415.07134311          62.35089736
       31.70000        2408.83625338          62.35766459
       31.80000        2402.60048692          62.36432608
       31.90000        2396.36405431          62.37088349
       32.00000        2390.12696596          62.37733843
       32.10000        2383.88923212          62.38369252
       32.20000        2377.65086287          62.38994732
       32.30000        2371.41186813          62.39610440
       32.40000        2365.17225769          62.40216526
       32.50000        2358.93204117          62.40813143
       32.60000        2352.69122802          62.41400438
       32.70000        2346.44982759          62.41978556
       32.80000        2340.20784903          62.42547641
       32.90000        2333.96530139          62.43107834
       33.00000        2327.72219355          62.43659274
       33.10000        2321.47853428          62.44202098
       33.20000        2315.23433218          62.44736440
       33.30000        2308.98959574          62.45262433
       33.40000        2302.74433331          62.45780208
       33.50000        2296.49855310          62.46289892
       33.60000        2290.25226321          62.46791613
       33.70000        2284.00547160          62.47285494
       33.80000        2277.75818610          62.47771658
       33.90000        2271.51041444          62.48250226
       34.00000        2265.26216422          62.48721316
       34.10000        2259.01344290          62.49185045
       34.20000        2252.76425786          62.49641529
       34.30000        2246.51461633          62.50090880
       34.40000        2240.26452545          62.50533210
       34.50000        2234.01399224          62.50968629
       34.60000        2227.76302361          62.51397244
       34.70000        2221.51162637          62.51819162
       34.80000        2215.25980720          62.52234488
       34.90000        2209.00757272          62.52643324
       35.00000        2202.75492939          62.53045772
       35.10000        2196.50188362          62.53441932
       35.20000        2190.24844169          62.53831901
       35.30000        2183.99460979          62.54215778
       35.40000        2177.74039401          62.54593656
       35.50000        2171.48580035          62.54965631
       35.60000        2165.23083472          62.55331793
       35.70000        2158.97550293          62.55692233
       35.80000        2152.71981070          62.56047042
       35.90000        2146.46376365          62.56396307
       36.00000        2140.20736735          62.56740115
       36.10000        2133.95062723          62.57078551
       36.20000        2127.69354868          62.57411698
       36.30000        2121.43613698          62.57739640
       36.40000        2115.17839734          62.58062458
       36.50000        2108.92033488          62.58380233
       36.60000        2102.66195465          62.58693041
       36.70000        2096.40326161          62.59000963
       36.80000        2090.14426065          62.59304073
       36.90000        2083.88495658          62.59602446
       37.00000        2077.62535413          62.59896158
       37.10000        2071.36545797          62.60185281
       37.20000        2065.10527269          62.60469886
       37.30000        2058.84480280          62.60750044
       37.40000        2052.58405276          62.61025824
       37.50000        2046.32302694          62.61297296
       37.60000        2040.06172964          62.61564526
       37.70000        2033.80016511          62.61827580
       37.80000        2027.53833753          62.62086524
       37.90000        2021.27625101          62.62341422
       38.00000        2015.01390959          62.62592337
       38.10000        2008.75131725          62.62839332
       38.20000        2002.48847792          62.63082467
       38.30000        1996.22539545          62.63321804
       38.40000        1989.96207365          62.63557401
       38.50000        1983.69851625          62.63789316
       38.60000        1977.43472693          62.64017608
       38.70000        1971.17070932          62.64242333
       38.80000        1964.90646699          62.64463547
       38.90000        1958.64200344          62.64681304
       39.00000        1952.37732214          62.64895658
       39.10000        1946.11242648          62.65106664
       39.20000        1939.84731982          62.65314372
       39.30000        1933.58200544          62.65518835
       39.40000        1927.31648661          62.65720103
       39.50000        1921.05076651          62.65918227
       39.60000        1914.78484828          62.66113254
       39.70000        1908.51873503          62.66305235
       39.80000        1902.25242979          62.66494215
       39.90000        1895.98593557          62.66680243
       40.00000        1889.71925533          62.66863365
       40.10000        1883.45239197          62.67043624
       40.20000        1877.18534834          62.67221068
       40.30000        1870.91812727          62.67395739
       40.40000        1864.65073154          62.67567680
       40.50000        1858.38316386          62.67736935
       40.60000        1852.11542692          62.67903546
       40.70000        1845.84752337          62.68067553
       40.80000        1839.57945582          62.68228997
       40.90000        1833.31122682          62.68387919
       41.00000        1827.04283891          62.68544358
       41.10000        1820.77429455          62.68698352
       41.20000        1814.50559620          62.68849941
       41.30000        1808.23674625          62.68999160
       41.40000        1801.96774709          62.69146048
       41.50000        1795.69860105          62.69290641
       41.60000        1789.42931041          62.69432975
       41.70000        1783.15987743          62.69573085
       41.80000        1776.89030435          62.69711005
       41.90000        1770.62059334          62.69846771
       42.00000        1764.35074657          62.69980415
       42.10000        1758.08076615          62.70111971
       42.20000        1751.81065418          62.70241472
       42.30000        1745.54041271          62.70368949
       42.40000        1739.27004376          62.70494434
       42.50000        1732.99954933          62.70617958
       42.60000        1726.72893137          62.70739553
       42.70000        1720.45819182          62.70859247
       42.80000        1714.18733257          62.70977071
       42.90000        1707.91635550          62.71093055
       43.00000        1701.64526244          62.71207226
       43.10000        1695.37405522          62.71319613
       43.20000        1689.10273561          62.71430244
       43.30000        1682.83130536          62.71539146
       43.40000        1676.55976622          62.71646347
       43.50000        1670.28811987          62.71751873
       43.60000        1664.01636800          62.71855750
       43.70000        1657.74451225          62.71958004
       43.80000        1651.47255424          62.72058660
       43.90000        1645.20049558          62.72157743
       44.00000        1638.92833784          62.72255279
       44.10000        1632.65608256          62.72351290
       44.20000        1626.38373127          62.72445801
       44.30000        1620.11128547          62.72538835
       44.40000        1613.83874663          62.72630416
       44.50000        1607.56611622          62.72720566
       44.60000        1601.29339565          62.72809307
       44.70000        1595.02058634          62.72896662
       44.80000        1588.74768968          62.72982651
       44.90000        1582.47470703          62.73067297
       45.00000        1576.20163973          62.73150621
       45.10000        1569.92848911          62.73232642
       45.20000        1563.65525647          62.73313382
       45.30000        1557.38194309          62.73392861
       45.40000        1551.10855023          62.73471097
       45.50000        1544.83507913          62.73548111
       45.60000        1538.56153102          62.73623922
       45.70000        1532.28790710          62.73698548
       45.80000        1526.01420855          62.73772009
       45.90000        1519.74043654          62.73844321
       46.00000        1513.46659222          62.73915503
       46.10000        1507.19267672          62.73985574
       46.20000        1500.91869114          62.74054549
       46.30000        1494.64463659          62.74122447
       46.40000        1488.37051415          62.74189284
       46.50000        1482.09632486          62.74255076
       46.60000        1475.82206979          62.74319840
       46.70000        1469.54774995          62.74383593
       46.80000        1463.27336635          62.74446349
       46.90000        1456.99892000          62.74508125
       47.00000        1450.72441188          62.74568936
       47.10000        1444.44984294          62.74628796
       47.20000        1438.17521415          62.74687721
       47.30000        1431.90052643          62.74745725
       47.40000        1425.62578070          62.74802823
       47.50000        1419.35097788          62.74859029
       47.60000        1413.07611885          62.74914357
       47.70000        1406.80120449          62.74968820
       47.80000        1400.52623567          62.75022432
       47.90000        1394.25121324          62.75075207
       48.00000        1387.97613803          62.75127157
       48.10000        1381.70101087          62.75178295
       48.20000        1375.42583258          62.75228634
       48.30000        1369.15060395          62.75278187
       48.40000        1362.87532576          62.75326965
       48.50000        1356.59999879          62.75374981
       48.60000        1350.32462381          62.75422247
       48.70000        1344.04920157          62.75468774
       48.80000        1337.77373279          62.75514575
       48.90000        1331.49821822          62.75559660
       49.00000        1325.22265856          62.75604040
       49.10000        1318.94705452          62.75647727
       49.20000        1312.67140679          62.75690731
       49.30000        1306.39571606          62.75733063
       49.40000        1300.11998300          62.75774734
       49.50000        1293.84420826          62.75815754
       49.60000        1287.56839251          62.75856133
       49.70000        1281.29253637          62.75895881
       49.80000        1275.01664049          62.75935008
       49.90000        1268.74070549          62.75973523
       50.00000        1262.46473196          62.76011437
       50.10000        1256.18872053          62.76048758
       50.20000        1249.91267177          62.76085496
       50.30000        1243.63658627          62.76121660
       50.40000        1237.36046461          62.76157260
       50.50000        1231.08430735          62.76192302
       50.60000        1224.80811505          62.76226798
       50.70000        1218.53188825          62.76260754
       50.80000        1212.25562750          62.76294180
       50.90000        1205.97933332          62.76327083
       51.00000        1199.70300623          62.76359472
       51.10000        1193.42664676          62.76391356
       51.20000        1187.15025541          62.76422741
       51.30000        1180.87383267          62.76453635
       51.40000        1174.59737903          62.76484047
       51.50000        1168.32089498          62.76513984
       51.60000        1162.04438100          62.76543453
       51.70000        1155.76783755          62.76572462
       51.80000        1149.49126508          62.76601017
       51.90000        1143.21466407          62.76629126
       52.00000        1136.93803494          62.76656796
       52.10000        1130.66137815          62.76684034
       52.20000        1124.38469411          62.76710845
       52.30000        1118.10798327          62.76737239
       52.40000        1111.83124603          62.76763219
       52.50000        1105.55448281          62.76788794
       52.60000        1099.27769401          62.76813969
       52.70000        1093.00088005          62.76838751
       52.80000        1086.72404129          62.76863145
       52.90000        1080.44717815          62.76887159
       53.00000        1074.17029099          62.76910797
       53.10000        1067.89338019          62.76934066
       53.20000        1061.61644613          62.76956971
       53.30000        1055.33948916          62.76979518
       53.40000        1049.06250964          62.77001713
       53.50000        1042.78550793          62.77023561
       53.60000        1036.50848437          62.77045068
       53.70000        1030.23143930          62.77066239
       53.80000        1023.95437306          62.77087079
       53.90000        1017.67728598          62.77107593
       54.00000        1011.40017839          62.77127787
       54.10000        1005.12305060          62.77147666
       54.20000         998.84590293          62.77167233
       54.30000         992.56873570          62.77186495
       54.40000         986.29154920          62.77205456
       54.50000         980.01434375          62.77224121
       54.60000         973.73711963          62.77242494
       54.70000         967.45987713          62.77260580
       54.80000         961.18261655          62.77278384
       54.90000         954.90533817          62.77295909
       55.00000         948.62804226          62.77313160
       55.10000         942.35072910          62.77330142
       55.20000         936.07339896          62.77346859
       55.30000         929.79605210          62.77363314
       55.40000         923.51868878          62.77379512
       55.50000         917.24130927          62.77395457
       55.60000         910.96391381          62.77411153
       55.70000         904.68650266          62.77426604
       55.80000         898.40907606          62.77441813
       55.90000         892.13163424          62.77456785
       56.00000         885.85417746          62.77471523
       56.10000         879.57670594          62.77486030
       56.20000         873.29921991          62.77500311
       56.30000         867.02171959          62.77514369
       56.40000         860.74420523          62.77528207
       56.50000         854.46667702          62.77541828
       56.60000         848.18913519          62.77555237
       56.70000         841.91157995          62.77568437
       56.80000         835.63401152          62.77581430
       56.90000         829.35643009          62.77594220
       57.00000         823.07883587          62.77606810
       57.10000         816.80122906          62.77619204
       57.20000         810.52360985          62.77631404
       57.30000         804.24597845          62.77643413
       57.40000         797.96833504          62.77655235
       57.50000         791.69067980          62.77666872
       57.60000         785.41301293          62.77678327
       57.70000         779.13533460          62.77689603
       57.80000         772.85764500          62.77700703
       57.90000         766.57994430          62.77711630
       58.00000         760.30223267          62.77722385
       58.10000         754.02451028          62.77732973
       58.20000         747.74677731          62.77743395
       58.30000         741.46903391          62.77753655
       58.40000         735.19128026          62.77763754
       58.50000         728.91351650          62.77773695
       58.60000         722.63574281          62.77783481
       58.70000         716.35795933          62.77793114
       58.80000         710.08016621          62.77802597
       58.90000         703.80236361          62.77811931
       59.00000         697.52455168          62.77821120
       59.10000         691.24673056          62.77830165
       59.20000         684.96890040          62.77839069
       59.30000         678.69106133          62.77847833
       59.40000         672.41321350          62.77856461
       59.50000         666.13535704          62.77864954
       59.60000         659.85749208          62.77873314
       59.70000         653.57961877          62.77881543
       59.80000         647.30173722          62.77889644
       59.90000         641.02384758          62.77897618
       60.00000         634.74594996          62.77905468
       60.10000         628.46804449          62.77913195
       60.20000         622.19013130          62.77920802
       60.30000         615.91221050          62.77928289
       60.40000         609.63428221          62.77935659
       60.50000         603.35634655          62.77942915
       60.60000         597.07840363          62.77950057
       60.70000         590.80045358          62.77957087
       60.80000         584.52249649          62.77964008
       60.90000         578.24453248          62.77970820
       61.00000         571.96656166          62.77977526
       61.10000         565.68858414          62.77984127
       61.20000         559.41060001          62.77990625
       61.30000         553.13260938          62.77997022
       61.40000         546.85461236          62.78003318
       61.50000         540.57660904          62.78009516
       61.60000         534.29859953          62.78015618
       61.70000         528.02058391          62.78021624
       61.80000         521.74256229          62.78027536
       61.90000         515.46453475          62.78033355
       62.00000         509.18650140          62.78039084
       62.10000         502.90846231          62.78044724
       62.20000         496.63041759          62.78050275
       62.30000         490.35236731          62.78055739
       62.40000         484.07431157          62.78061118
       62.50000         477.79625045          62.78066413
       62.60000         471.51818404          62.78071626
       62.70000         465.24011242          62.78076756
       62.80000         458.96203566          62.78081807
       62.90000         452.68395385          62.78086779
       63.00000         446.40586707          62.78091673
       63.10000         440.12777540          62.78096491
       63.20000         433.84967891          62.78101233
       63.30000         427.57157768          62.78105901
       63.40000         421.29347178          62.78110496
       63.50000         415.01536128          62.78115020
       63.60000         408.73724626          62.78119473
       63.70000         402.45912679          62.78123856
       63.80000         396.18100293          62.78128171
       63.90000         389.90287476          62.78132418
       64.00000         383.62474234          62.78136599
       64.10000         377.34660574          62.78140715
       64.20000         371.06846503          62.78144766
       64.30000         364.79032026          62.78148754
       64.40000         358.51217151          62.78152680
       64.50000         352.23401883          62.78156544
       64.60000         345.95586228          62.78160348
       64.70000         339.67770194          62.78164093
       64.80000         333.39953784          62.78167779
       64.90000         327.12137006          62.78171407
       65.00000         320.84319866          62.78174979
       65.10000         314.56502368          62.78178495
       65.20000         308.28684518          62.78181956
       65.30000         302.00866323          62.78185363
       65.40000         295.73047786          62.78188717
       65.50000         289.45228915          62.78192018
       65.60000         283.17409713          62.78195268
       65.70000         276.89590186          62.78198467
       65.80000         270.61770339          62.78201616
       65.90000         264.33950178          62.78204715
       66.00000         258.06129706          62.78207767
       66.10000         251.78308930          62.78210770
       66.20000         245.50487853          62.78213727
       66.30000         239.22666480          62.78216638
       66.40000         232.94844816          62.78219503
       66.50000         226.67022866          62.78222323
       66.60000         220.39200634          62.78225099
       66.70000         214.11378124          62.78227832
       66.80000         207.83555341          62.78230522
       66.90000         201.55732288          62.78233170
       67.00000         195.27908971          62.78235777
       67.10000         189.00085394          62.78238343
       67.20000         182.72261559          62.78240869
       67.30000         176.44437473          62.78243355
       67.40000         170.16613137          62.78245803
       67.50000         163.88788557          62.78248212
       67.60000         157.60963736          62.78250584
       67.70000         151.33138677          62.78252918
       67.80000         145.05313385          62.78255216
       67.90000         138.77487864          62.78257479
       68.00000         132.49662116          62.78259706
       68.10000         126.21836145          62.78261898
       68.20000         119.94009956          62.78264056
       68.30000         113.66183550          62.78266180
       68.40000         107.38356932          62.78268271
       68.50000         101.10530105          62.78270329
       68.60000          94.82703072          62.78272355
       68.70000          88.54875837          62.78274349
       68.80000          82.27048402          62.78276313
       68.90000          75.99220770          62.78278245
       69.00000          69.71392946          62.78280148
       69.10000          63.43564931          62.78282020
       69.20000          57.15736729          62.78283864
       69.30000          50.87908343          62.78285679
       69.40000          44.60079775          62.78287465
       69.50000          38.32251028          62.78289223
       69.60000          32.04422106          62.78290954
       69.70000          25.76593011          62.78292658
       69.80000          19.48763745          62.78294335
       69.90000          13.20934311          62.78295986
       70.00000           6.93104713          62.78297611
       70.10000           0.65274952          62.78299211
       70.20000          -5.62554970          62.78300786
