         t        T1        T2        T3        T4        T5        T6        T7        T8        T9       T10  T_frontera
    0.0000    0.0000  100.0000  100.0000  100.0000  100.0000  100.0000  100.0000  100.0000  100.0000  100.0000    100.0000
    0.0500    0.0000   80.0000  100.0000  100.0000  100.0000  100.0000  100.0000  100.0000  100.0000  100.0000    100.0000
    0.1000    0.0000   68.0000   96.0000  100.0000  100.0000  100.0000  100.0000  100.0000  100.0000  100.0000    100.0000
    0.1500    0.0000   60.0000   91.2000   99.2000  100.0000  100.0000  100.0000  100.0000  100.0000  100.0000    100.0000
    0.2000    0.0000   54.2400   86.5600   97.7600   99.8400  100.0000  100.0000  100.0000  100.0000  100.0000    100.0000
    0.2500    0.0000   49.8560   82.3360   95.9360   99.4560   99.9680  100.0000  100.0000  100.0000  100.0000    100.0000
    0.3000    0.0000   46.3808   78.5600   93.9200   98.8544   99.8720   99.9936  100.0000  100.0000  100.0000    100.0000
    0.3500    0.0000   43.5405   75.1962   91.8349   98.0710   99.6928   99.9706   99.9987  100.0000  100.0000    100.0000
    0.4000    0.0000   41.1635   72.1928   89.7544   97.1482   99.4240   99.9206   99.9933   99.9997  100.0000    100.0000
    0.4500    0.0000   39.1367   69.4992   87.7208   96.1246   99.0682   99.8359   99.9801   99.9985   99.9999    100.0000
    0.5000    0.0000   37.3818   67.0710   85.7572   95.0325   98.6330   99.7112   99.9549   99.9951   99.9997    100.0001
    0.5500    0.0000   35.8433   64.8704   83.8751   93.8976   98.1285   99.5443   99.9142   99.9880   99.9988    100.0003
    0.6000    0.0000   34.4801   62.8659   82.0786   92.7393   97.5655   99.3351   99.8550   99.9754   99.9969    100.0008
    0.6500    0.0000   33.2612   61.0313   80.3682   91.5724   96.9542   99.0852   99.7751   99.9556   99.9932    100.0015
    0.7000    0.0000   32.1630   59.3447   78.7417   90.4079   96.3040   98.7969   99.6732   99.9270   99.9869    100.0025
    0.7500    0.0000   31.1667   57.7877   77.1955   89.2539   95.6234   98.4736   99.5487   99.8882   99.9773    100.0036
    0.8000    0.0000   30.2576   56.3451   75.7256   88.1161   94.9195   98.1186   99.4016   99.8381   99.9634    100.0047
    0.8500    0.0000   29.4236   55.0037   74.3276   86.9987   94.1987   97.7354   99.2323   99.7759   99.9446    100.0055
    0.9000    0.0000   28.6549   53.7525   72.9971   85.9045   93.4660   97.3274   99.0416   99.7009   99.9200    100.0056
    0.9500    0.0000   27.9434   52.5819   71.7296   84.8353   92.7260   96.8980   98.8306   99.6129   99.8890    100.0045
    1.0000    0.0000   27.2824   51.4837   70.5212   83.7923   91.9822   96.4501   98.6006   99.5116   99.8511    100.0017
    1.0500    0.0000   26.6662   50.4510   69.3679   82.7761   91.2378   95.9866   98.3527   99.3973   99.8058     99.9967
    1.1000    0.0000   26.0899   49.4774   68.2662   81.7868   90.4952   95.5101   98.0884   99.2701   99.7527     99.9890
    1.1500    0.0000   25.5494   48.5577   67.2125   80.8244   89.7565   95.0228   97.8091   99.1303   99.6916     99.9778
    1.2000    0.0000   25.0412   47.6870   66.2039   79.8884   89.0233   94.5268   97.5161   98.9783   99.6223     99.9628
    1.2500    0.0000   24.5621   46.8612   65.2374   78.9785   88.2970   94.0239   97.2106   98.8147   99.5446     99.9433
    1.3000    0.0000   24.1095   46.0766   64.3104   78.0940   87.5787   93.5159   96.8941   98.6398   99.4584     99.9189
    1.3500    0.0000   23.6810   45.3300   63.4204   77.2342   86.8692   93.0041   96.5676   98.4544   99.3638     99.8890
    1.4000    0.0000   23.2746   44.6183   62.5651   76.3984   86.1692   92.4898   96.2323   98.2589   99.2607     99.8533
    1.4500    0.0000   22.8884   43.9389   61.7424   75.5859   85.4792   91.9742   95.8891   98.0539   99.1492     99.8115
    1.5000    0.0000   22.5208   43.2895   60.9504   74.7959   84.7995   91.4582   95.5391   97.8400   99.0295     99.7631
    1.5500    0.0000   22.1704   42.6679   60.1873   74.0275   84.1305   90.9426   95.1831   97.6177   98.9016     99.7079
    1.6000    0.0000   21.8358   42.0723   59.4515   73.2801   83.4723   90.4283   94.8219   97.3876   98.7658     99.6457
    1.6500    0.0000   21.5160   41.5008   58.7414   72.5528   82.8251   89.9158   94.4563   97.1501   98.6221     99.5762
    1.7000    0.0000   21.2097   40.9520   58.0555   71.8450   82.1888   89.4058   94.0870   96.9058   98.4708     99.4995
    1.7500    0.0000   20.9162   40.4242   57.3927   71.1558   81.5634   88.8986   93.7145   96.6550   98.3121     99.4152
    1.8000    0.0000   20.6346   39.9163   56.7516   70.4847   80.9489   88.3948   93.3394   96.3983   98.1462     99.3235
    1.8500    0.0000   20.3640   39.4270   56.1312   69.8310   80.3453   87.8945   92.9623   96.1361   97.9732     99.2241
    1.9000    0.0000   20.1038   38.9553   55.5303   69.1939   79.7523   87.3982   92.5835   95.8688   97.7934     99.1173
    1.9500    0.0000   19.8533   38.5000   54.9480   68.5728   79.1698   86.9061   92.2035   95.5966   97.6071     99.0029
    2.0000    0.0000   19.6120   38.0603   54.3834   67.9673   78.5976   86.4183   91.8226   95.3201   97.4143     98.8810
    2.0500    0.0000   19.3793   37.6352   53.8355   67.3766   78.0357   85.9350   91.4413   95.0395   97.2155     98.7517
    2.1000    0.0000   19.1546   37.2241   53.3037   66.8002   77.4837   85.4564   91.0597   94.7550   97.0107     98.6152
    2.1500    0.0000   18.9376   36.8261   52.7871   66.2376   76.9416   84.9825   90.6781   94.4671   96.8002     98.4714
    2.2000    0.0000   18.7278   36.4406   52.2850   65.6883   76.4090   84.5134   90.2968   94.1759   96.5843     98.3206
    2.2500    0.0000   18.5248   36.0669   51.7968   65.1518   75.8857   84.0492   89.9159   93.8818   96.3631     98.1628
    2.3000    0.0000   18.3283   35.7045   51.3218   64.6276   75.3716   83.5899   89.5358   93.5849   96.1368     97.9983
    2.3500    0.0000   18.1378   35.3527   50.8595   64.1152   74.8665   83.1354   89.1564   93.2854   95.9056     97.8271
    2.4000    0.0000   17.9532   35.0111   50.4093   63.6143   74.3700   82.6858   88.7780   92.9837   95.6698     97.6495
    2.4500    0.0000   17.7742   34.6791   49.9706   63.1244   73.8820   82.2411   88.4007   92.6797   95.4295     97.4656
    2.5000    0.0000   17.6003   34.3564   49.5431   62.6452   73.4023   81.8012   88.0246   92.3739   95.1850     97.2757
    2.5500    0.0000   17.4315   34.0426   49.1262   62.1762   72.9307   81.3661   87.6498   92.0663   94.9364     97.0798
    2.6000    0.0000   17.2674   33.7371   48.7195   61.7171   72.4669   80.9357   87.2763   91.7570   94.6839     96.8782
    2.6500    0.0000   17.1079   33.4396   48.3225   61.2675   72.0107   80.5101   86.9043   91.4462   94.4276     96.6710
    2.7000    0.0000   16.9526   33.1498   47.9349   60.8272   71.5619   80.0891   86.5339   91.1341   94.1679     96.4585
    2.7500    0.0000   16.8015   32.8674   47.5564   60.3957   71.1204   79.6726   86.1650   90.8208   93.9047     96.2408
    2.8000    0.0000   16.6544   32.5920   47.1864   59.9727   70.6859   79.2606   85.7977   90.5064   93.6383     96.0181
    2.8500    0.0000   16.5111   32.3234   46.8248   59.5581   70.2582   78.8531   85.4320   90.1911   93.3689     95.7906
    2.9000    0.0000   16.3713   32.0612   46.4712   59.1515   69.8372   78.4499   85.0680   89.8748   93.0966     95.5585
    2.9500    0.0000   16.2350   31.8052   46.1252   58.7526   69.4226   78.0510   84.7058   89.5578   92.8215     95.3219
    3.0000    0.0000   16.1021   31.5552   45.7867   58.3611   69.0143   77.6563   84.3452   89.2401   92.5438     95.0811
    3.0500    0.0000   15.9723   31.3109   45.4553   57.9769   68.6120   77.2656   83.9864   88.9219   92.2637     94.8362
    3.1000    0.0000   15.8455   31.0720   45.1307   57.5996   68.2157   76.8791   83.6294   88.6032   91.9812     94.5873
    3.1500    0.0000   15.7217   30.8385   44.8127   57.2290   67.8252   76.4965   83.2741   88.2840   91.6965     94.3348
    3.2000    0.0000   15.6007   30.6100   44.5011   56.8650   67.4402   76.1177   82.9205   87.9645   91.4098     94.0786
    3.2500    0.0000   15.4824   30.3864   44.1957   56.5073   67.0607   75.7428   82.5688   87.6448   91.1210     93.8190
    3.3000    0.0000   15.3667   30.1674   43.8961   56.1556   66.6864   75.3715   82.2188   87.3248   90.8305     93.5561
    3.3500    0.0000   15.2535   29.9530   43.6023   55.8099   66.3173   75.0040   81.8705   87.0047   90.5382     93.2901
    3.4000    0.0000   15.1427   29.7430   43.3140   55.4698   65.9531   74.6399   81.5241   86.6846   90.2443     93.0212
    3.4500    0.0000   15.0342   29.5371   43.0309   55.1353   65.5938   74.2794   81.1793   86.3644   89.9489     92.7494
    3.5000    0.0000   14.9280   29.3353   42.7531   54.8062   65.2392   73.9223   80.8364   86.0443   89.6521     92.4749
    3.5500    0.0000   14.8238   29.1374   42.4801   54.4822   64.8892   73.5685   80.4951   85.7243   89.3539     92.1979
    3.6000    0.0000   14.7218   28.9432   42.2120   54.1632   64.5437   73.2180   80.1556   85.4044   89.0546     91.9185
    3.6500    0.0000   14.6217   28.7527   41.9485   53.8490   64.2024   72.8706   79.8178   85.0847   88.7541     91.6368
    3.7000    0.0000   14.5236   28.5657   41.6894   53.5396   63.8654   72.5264   79.4818   84.7652   88.4526     91.3529
    3.7500    0.0000   14.4273   28.3820   41.4347   53.2347   63.5324   72.1853   79.1474   84.4460   88.1502     91.0670
    3.8000    0.0000   14.3328   28.2016   41.1842   52.9343   63.2035   71.8471   78.8147   84.1271   87.8469     90.7792
    3.8500    0.0000   14.2400   28.0243   40.9377   52.6381   62.8784   71.5119   78.4837   83.8086   87.5428     90.4896
    3.9000    0.0000   14.1489   27.8501   40.6951   52.3461   62.5570   71.1796   78.1543   83.4904   87.2380     90.1983
    3.9500    0.0000   14.0593   27.6789   40.4563   52.0581   62.2393   70.8500   77.8266   83.1727   86.9325     89.9054
    4.0000    0.0000   13.9714   27.5104   40.2212   51.7740   61.9252   70.5232   77.5005   82.8555   86.6265     89.6110
    4.0500    0.0000   13.8849   27.3448   39.9896   51.4936   61.6146   70.1991   77.1760   82.5387   86.3200     89.3153
    4.1000    0.0000   13.7999   27.1818   39.7614   51.2170   61.3073   69.8775   76.8532   82.2224   86.0130     89.0182
    4.1500    0.0000   13.7163   27.0213   39.5366   50.9439   61.0033   69.5586   76.5319   81.9067   85.7057     88.7200
    4.2000    0.0000   13.6340   26.8634   39.3150   50.6743   60.7025   69.2422   76.2122   81.5915   85.3980     88.4206
    4.2500    0.0000   13.5531   26.7078   39.0966   50.4081   60.4048   68.9283   75.8941   81.2769   85.0901     88.1202
    4.3000    0.0000   13.4734   26.5546   38.8811   50.1451   60.1102   68.6167   75.5775   80.9630   84.7820     87.8189
    4.3500    0.0000   13.3950   26.4037   38.6686   49.8853   59.8185   68.3076   75.2624   80.6497   84.4737     87.5168
    4.4000    0.0000   13.3177   26.2549   38.4590   49.6286   59.5297   68.0007   74.9489   80.3370   84.1654     87.2138
    4.4500    0.0000   13.2416   26.1083   38.2521   49.3749   59.2437   67.6961   74.6369   80.0251   83.8570     86.9101
    4.5000    0.0000   13.1666   25.9637   38.0479   49.1241   58.9604   67.3938   74.3264   79.7138   83.5486     86.6059
    4.5500    0.0000   13.0927   25.8211   37.8463   48.8761   58.6798   67.0936   74.0174   79.4033   83.2402     86.3010
    4.6000    0.0000   13.0199   25.6805   37.6472   48.6309   58.4018   66.7956   73.7098   79.0935   82.9319     85.9957
    4.6500    0.0000   12.9480   25.5417   37.4506   48.3884   58.1264   66.4997   73.4037   78.7844   82.6238     85.6899
    4.7000    0.0000   12.8772   25.4048   37.2564   48.1484   57.8535   66.2058   73.0990   78.4762   82.3158     85.3837
    4.7500    0.0000   12.8072   25.2696   37.0645   47.9110   57.5829   65.9140   72.7958   78.1687   82.0081     85.0773
    4.8000    0.0000   12.7383   25.1361   36.8748   47.6761   57.3148   65.6242   72.4940   77.8620   81.7006     84.7705
    4.8500    0.0000   12.6702   25.0043   36.6873   47.4436   57.0489   65.3363   72.1936   77.5561   81.3934     84.4636
    4.9000    0.0000   12.6030   24.8741   36.5020   47.2134   56.7853   65.0503   71.8947   77.2511   81.0865     84.1566
    4.9500    0.0000   12.5366   24.7454   36.3187   46.9855   56.5239   64.7662   71.5971   76.9469   80.7799     83.8494
    5.0000    0.0000   12.4710   24.6183   36.1374   46.7598   56.2647   64.4839   71.3008   76.6435   80.4737     83.5422
    5.0500    0.0000   12.4063   24.4927   35.9580   46.5363   56.0075   64.2034   71.0060   76.3410   80.1679     83.2350
    5.1000    0.0000   12.3423   24.3685   35.7806   46.3149   55.7525   63.9248   70.7125   76.0394   79.8626     82.9278
    5.1500    0.0000   12.2791   24.2457   35.6050   46.0956   55.4994   63.6478   70.4203   75.7387   79.5578     82.6207
    5.2000    0.0000   12.2166   24.1242   35.4313   45.8782   55.2483   63.3727   70.1295   75.4388   79.2534     82.3138
    5.2500    0.0000   12.1548   24.0041   35.2592   45.6629   54.9992   63.0992   69.8400   75.1399   78.9495     82.0070
    5.3000    0.0000   12.0937   23.8853   35.0889   45.4494   54.7519   62.8273   69.5518   74.8418   78.6462     81.7005
    5.3500    0.0000   12.0333   23.7677   34.9203   45.2378   54.5065   62.5571   69.2649   74.5447   78.3435     81.3941
    5.4000    0.0000   11.9735   23.6513   34.7533   45.0280   54.2629   62.2886   68.9793   74.2485   78.0413     81.0881
    5.4500    0.0000   11.9144   23.5361   34.5878   44.8201   54.0210   62.0216   68.6950   73.9532   77.7398     80.7824
    5.5000    0.0000   11.8558   23.4221   34.4239   44.6138   53.7810   61.7562   68.4120   73.6589   77.4389     80.4770
    5.5500    0.0000   11.7979   23.3092   34.2616   44.4093   53.5426   61.4923   68.1302   73.3655   77.1386     80.1720
    5.6000    0.0000   11.7406   23.1974   34.1006   44.2064   53.3058   61.2299   67.8497   73.0731   76.8390     79.8674
    5.6500    0.0000   11.6839   23.0867   33.9411   44.0051   53.0708   60.9691   67.5704   72.7816   76.5401     79.5633
    5.7000    0.0000   11.6277   22.9770   33.7831   43.8055   52.8373   60.7097   67.2924   72.4910   76.2418     79.2596
    5.7500    0.0000   11.5720   22.8684   33.6263   43.6073   52.6054   60.4517   67.0156   72.2015   75.9443     78.9564
    5.8000    0.0000   11.5169   22.7607   33.4709   43.4108   52.3751   60.1952   66.7400   71.9129   75.6476     78.6537
    5.8500    0.0000   11.4623   22.6540   33.3168   43.2157   52.1462   59.9401   66.4656   71.6252   75.3515     78.3516
    5.9000    0.0000   11.4081   22.5482   33.1640   43.0220   51.9189   59.6865   66.1924   71.3386   75.0563     78.0500
    5.9500    0.0000   11.3545   22.4434   33.0125   42.8298   51.6930   59.4341   65.9205   71.0529   74.7618     77.7490
    6.0000    0.0000   11.3014   22.3394   32.8621   42.6390   51.4686   59.1832   65.6497   70.7682   74.4681     77.4486
    6.0500    0.0000   11.2487   22.2363   32.7129   42.4495   51.2456   58.9336   65.3801   70.4845   74.1752     77.1488
    6.1000    0.0000   11.1965   22.1341   32.5649   42.2614   51.0240   58.6853   65.1117   70.2017   73.8831     76.8497
    6.1500    0.0000   11.1447   22.0328   32.4181   42.0746   50.8037   58.4383   64.8444   69.9200   73.5918     76.5513
    6.2000    0.0000   11.0934   21.9322   32.2723   41.8891   50.5848   58.1926   64.5783   69.6392   73.3014     76.2535
    6.2500    0.0000   11.0425   21.8325   32.1277   41.7049   50.3672   57.9482   64.3133   69.3595   73.0118     75.9564
    6.3000    0.0000   10.9920   21.7335   31.9841   41.5219   50.1510   57.7050   64.0495   69.0807   72.7230     75.6600
    6.3500    0.0000   10.9419   21.6353   31.8415   41.3402   49.9360   57.4631   63.7869   68.8029   72.4351     75.3644
    6.4000    0.0000   10.8922   21.5379   31.7000   41.1596   49.7222   57.2224   63.5253   68.5261   72.1481     75.0695
    6.4500    0.0000   10.8429   21.4412   31.5595   40.9802   49.5097   56.9830   63.2649   68.2504   71.8619     74.7754
    6.5000    0.0000   10.7940   21.3452   31.4200   40.8020   49.2985   56.7447   63.0056   67.9756   71.5766     74.4820
    6.5500    0.0000   10.7454   21.2499   31.2814   40.6249   49.0884   56.5076   62.7474   67.7018   71.2922     74.1894
    6.6000    0.0000   10.6972   21.1553   31.1438   40.4489   48.8796   56.2718   62.4903   67.4290   71.0087     73.8976
    6.6500    0.0000   10.6494   21.0614   31.0071   40.2740   48.6719   56.0370   62.2344   67.1572   70.7261     73.6066
    6.7000    0.0000   10.6019   20.9681   30.8714   40.1002   48.4653   55.8035   61.9795   66.8864   70.4444     73.3165
    6.7500    0.0000   10.5548   20.8755   30.7365   39.9275   48.2599   55.5710   61.7257   66.6166   70.1636     73.0271
    6.8000    0.0000   10.5080   20.7836   30.6025   39.7558   48.0557   55.3397   61.4729   66.3478   69.8837     72.7386
    6.8500    0.0000   10.4615   20.6922   30.4694   39.5851   47.8525   55.1096   61.2213   66.0800   69.6048     72.4509
    6.9000    0.0000   10.4153   20.6015   30.3371   39.4154   47.6504   54.8805   60.9707   65.8132   69.3268     72.1641
    6.9500    0.0000   10.3695   20.5114   30.2056   39.2468   47.4494   54.6525   60.7212   65.5474   69.0497     71.8782
    7.0000    0.0000   10.3240   20.4219   30.0750   39.0791   47.2495   54.4256   60.4727   65.2826   68.7735     71.5931
    7.0500    0.0000   10.2788   20.3329   29.9452   38.9123   47.0507   54.1998   60.2253   65.0188   68.4983     71.3089
    7.1000    0.0000   10.2338   20.2445   29.8162   38.7466   46.8528   53.9751   59.9789   64.7560   68.2240     71.0256
    7.1500    0.0000   10.1892   20.1567   29.6879   38.5817   46.6560   53.7514   59.7335   64.4942   67.9506     70.7431
    7.2000    0.0000   10.1449   20.0695   29.5605   38.4178   46.4602   53.5287   59.4892   64.2333   67.6782     70.4616
    7.2500    0.0000   10.1008   19.9827   29.4337   38.2548   46.2655   53.3071   59.2460   63.9735   67.4067     70.1810
    7.3000    0.0000   10.0570   19.8966   29.3078   38.0927   46.0717   53.0866   59.0037   63.7146   67.1362     69.9012
    7.3500    0.0000   10.0135   19.8109   29.1825   37.9315   45.8789   52.8670   58.7625   63.4568   66.8667     69.6224
    7.4000    0.0000    9.9703   19.7257   29.0580   37.7712   45.6870   52.6485   58.5222   63.1999   66.5980     69.3445
    7.4500    0.0000    9.9273   19.6411   28.9342   37.6117   45.4962   52.4309   58.2830   62.9440   66.3304     69.0676
    7.5000    0.0000    9.8846   19.5570   28.8111   37.4531   45.3062   52.2144   58.0448   62.6891   66.0637     68.7915
    7.5500    0.0000    9.8422   19.4733   28.6887   37.2953   45.1172   51.9988   57.8076   62.4351   65.7979     68.5164
    7.6000    0.0000    9.8000   19.3902   28.5669   37.1384   44.9292   51.7843   57.5713   62.1822   65.5331     68.2422
    7.6500    0.0000    9.7580   19.3075   28.4459   36.9822   44.7420   51.5707   57.3361   61.9302   65.2693     67.9689
    7.7000    0.0000    9.7163   19.2253   28.3255   36.8269   44.5558   51.3580   57.1018   61.6792   65.0064     67.6966
    7.7500    0.0000    9.6748   19.1435   28.2057   36.6724   44.3705   51.1463   56.8685   61.4292   64.7445     67.4252
    7.8000    0.0000    9.6336   19.0622   28.0866   36.5187   44.1860   50.9356   56.6362   61.1801   64.4835     67.1548
    7.8500    0.0000    9.5926   18.9814   27.9681   36.3657   44.0025   50.7258   56.4049   60.9320   64.2235     66.8853
    7.9000    0.0000    9.5518   18.9010   27.8503   36.2136   43.8198   50.5170   56.1745   60.6849   63.9645     66.6167
    7.9500    0.0000    9.5113   18.8210   27.7331   36.0622   43.6380   50.3090   55.9451   60.4387   63.7064     66.3491
    8.0000    0.0000    9.4710   18.7415   27.6165   35.9115   43.4570   50.1020   55.7166   60.1935   63.4493     66.0825
    8.0500    0.0000    9.4309   18.6624   27.5005   35.7616   43.2769   49.8959   55.4891   59.9493   63.1931     65.8168
    8.1000    0.0000    9.3910   18.5837   27.3851   35.6124   43.0977   49.6908   55.2625   59.7060   62.9379     65.5520
    8.1500    0.0000    9.3513   18.5054   27.2703   35.4640   42.9192   49.4865   55.0368   59.4637   62.6836     65.2882
    8.2000    0.0000    9.3119   18.4276   27.1561   35.3163   42.7416   49.2831   54.8121   59.2223   62.4303     65.0254
    8.2500    0.0000    9.2727   18.3501   27.0424   35.1693   42.5649   49.0806   54.5884   58.9819   62.1780     64.7635
    8.3000    0.0000    9.2336   18.2731   26.9293   35.0231   42.3889   48.8790   54.3655   58.7424   61.9266     64.5026
    8.3500    0.0000    9.1948   18.1965   26.8168   34.8775   42.2138   48.6783   54.1436   58.5039   61.6761     64.2426
    8.4000    0.0000    9.1562   18.1202   26.7049   34.7326   42.0394   48.4785   53.9226   58.2663   61.4267     63.9835
    8.4500    0.0000    9.1177   18.0443   26.5935   34.5884   41.8659   48.2795   53.7025   58.0296   61.1781     63.7255
    8.5000    0.0000    9.0795   17.9688   26.4827   34.4449   41.6931   48.0814   53.4833   57.7939   60.9305     63.4684
    8.5500    0.0000    9.0415   17.8937   26.3723   34.3021   41.5211   47.8841   53.2650   57.5591   60.6839     63.2122
    8.6000    0.0000    9.0036   17.8190   26.2626   34.1600   41.3499   47.6877   53.0477   57.3252   60.4382     62.9570
    8.6500    0.0000    8.9660   17.7446   26.1533   34.0185   41.1795   47.4921   52.8312   57.0923   60.1934     62.7027
    8.7000    0.0000    8.9285   17.6707   26.0446   33.8776   41.0098   47.2974   52.6156   56.8603   59.9496     62.4494
    8.7500    0.0000    8.8912   17.5970   25.9364   33.7375   40.8409   47.1035   52.4009   56.6292   59.7067     62.1971
    8.8000    0.0000    8.8541   17.5237   25.8288   33.5980   40.6727   46.9105   52.1871   56.3991   59.4648     61.9457
    8.8500    0.0000    8.8172   17.4508   25.7216   33.4591   40.5053   46.7182   51.9742   56.1698   59.2238     61.6952
    8.9000    0.0000    8.7805   17.3783   25.6149   33.3208   40.3387   46.5268   51.7621   55.9415   58.9837     61.4457
    8.9500    0.0000    8.7440   17.3060   25.5088   33.1832   40.1727   46.3363   51.5509   55.7140   58.7445     61.1972
    9.0000    0.0000    8.7076   17.2342   25.4031   33.0462   40.0075   46.1465   51.3406   55.4875   58.5063     60.9495
    9.0500    0.0000    8.6714   17.1626   25.2980   32.9099   39.8431   45.9575   51.1312   55.2619   58.2691     60.7029
    9.1000    0.0000    8.6354   17.0915   25.1933   32.7741   39.6793   45.7694   50.9226   55.0372   58.0327     60.4572
    9.1500    0.0000    8.5995   17.0206   25.0891   32.6390   39.5163   45.5820   50.7149   54.8134   57.7973     60.2124
    9.2000    0.0000    8.5638   16.9501   24.9854   32.5045   39.3540   45.3954   50.5080   54.5904   57.5627     59.9685
    9.2500    0.0000    8.5283   16.8799   24.8821   32.3706   39.1924   45.2096   50.3020   54.3684   57.3292     59.7256
    9.3000    0.0000    8.4930   16.8100   24.7794   32.2372   39.0315   45.0247   50.0968   54.1473   57.0965     59.4837
    9.3500    0.0000    8.4578   16.7405   24.6771   32.1045   38.8713   44.8404   49.8925   53.9270   56.8647     59.2426
    9.4000    0.0000    8.4228   16.6713   24.5752   31.9724   38.7117   44.6570   49.6890   53.7076   56.6339     59.0025
    9.4500    0.0000    8.3879   16.6024   24.4739   31.8408   38.5529   44.4743   49.4863   53.4892   56.4039     58.7633
    9.5000    0.0000    8.3532   16.5338   24.3730   31.7098   38.3948   44.2925   49.2845   53.2715   56.1749     58.5251
    9.5500    0.0000    8.3187   16.4655   24.2725   31.5795   38.2373   44.1113   49.0835   53.0548   55.9467     58.2878
    9.6000    0.0000    8.2843   16.3975   24.1725   31.4496   38.0806   43.9310   48.8833   52.8389   55.7195     58.0514
    9.6500    0.0000    8.2501   16.3299   24.0729   31.3204   37.9245   43.7514   48.6840   52.6239   55.4932     57.8159
    9.7000    0.0000    8.2160   16.2625   23.9738   31.1917   37.7690   43.5725   48.4854   52.4098   55.2677     57.5814
    9.7500    0.0000    8.1821   16.1955   23.8751   31.0636   37.6143   43.3944   48.2877   52.1965   55.0432     57.3477
    9.8000    0.0000    8.1484   16.1287   23.7769   30.9360   37.4601   43.2170   48.0908   51.9841   54.8195     57.1150
    9.8500    0.0000    8.1148   16.0623   23.6791   30.8090   37.3067   43.0404   47.8947   51.7725   54.5968     56.8832
    9.9000    0.0000    8.0813   15.9962   23.5817   30.6826   37.1539   42.8645   47.6994   51.5618   54.3749     56.6523
    9.9500    0.0000    8.0480   15.9303   23.4848   30.5567   37.0018   42.6894   47.5049   51.3519   54.1539     56.4223
   10.0000    0.0000    8.0149   15.8647   23.3883   30.4313   36.8503   42.5150   47.3112   51.1429   53.9338     56.1932
   10.0500    0.0000    7.9819   15.7995   23.2922   30.3065   36.6994   42.3413   47.1183   50.9347   53.7145     55.9650
   10.1000    0.0000    7.9490   15.7345   23.1965   30.1822   36.5492   42.1683   46.9262   50.7274   53.4961     55.7378
   10.1500    0.0000    7.9163   15.6698   23.1012   30.0585   36.3996   41.9961   46.7349   50.5209   53.2786     55.5114
   10.2000    0.0000    7.8837   15.6054   23.0064   29.9353   36.2507   41.8245   46.5443   50.3152   53.0620     55.2859
   10.2500    0.0000    7.8513   15.5413   22.9120   29.8126   36.1024   41.6537   46.3545   50.1104   52.8462     55.0613
   10.3000    0.0000    7.8190   15.4774   22.8179   29.6904   35.9547   41.4836   46.1655   49.9064   52.6313     54.8376
   10.3500    0.0000    7.7869   15.4138   22.7243   29.5688   35.8076   41.3142   45.9773   49.7032   52.4173     54.6148
   10.4000    0.0000    7.7549   15.3506   22.6311   29.4476   35.6612   41.1455   45.7899   49.5009   52.2041     54.3928
   10.4500    0.0000    7.7231   15.2875   22.5383   29.3270   35.5153   40.9775   45.6032   49.2993   51.9918     54.1718
   10.5000    0.0000    7.6913   15.2248   22.4459   29.2070   35.3701   40.8102   45.4173   49.0986   51.7803     53.9516
   10.5500    0.0000    7.6598   15.1623   22.3539   29.0874   35.2255   40.6436   45.2321   48.8987   51.5696     53.7323
   10.6000    0.0000    7.6283   15.1001   22.2623   28.9683   35.0815   40.4777   45.0477   48.6995   51.3598     53.5139
   10.6500    0.0000    7.5970   15.0382   22.1711   28.8497   34.9381   40.3125   44.8641   48.5012   51.1509     53.2963
   10.7000    0.0000    7.5659   14.9765   22.0802   28.7317   34.7953   40.1479   44.6812   48.3037   50.9428     53.0796
   10.7500    0.0000    7.5348   14.9151   21.9898   28.6141   34.6531   39.9840   44.4990   48.1070   50.7355     52.8638
   10.8000    0.0000    7.5039   14.8540   21.8997   28.4970   34.5115   39.8209   44.3176   47.9111   50.5291     52.6489
   10.8500    0.0000    7.4732   14.7931   21.8100   28.3805   34.3705   39.6583   44.1370   47.7160   50.3234     52.4348
   10.9000    0.0000    7.4425   14.7325   21.7207   28.2644   34.2300   39.4965   43.9571   47.5217   50.1187     52.2215
   10.9500    0.0000    7.4120   14.6722   21.6318   28.1488   34.0902   39.3353   43.7779   47.3282   49.9147     52.0091
   11.0000    0.0000    7.3816   14.6121   21.5433   28.0337   33.9509   39.1748   43.5994   47.1354   49.7115     51.7976
   11.0500    0.0000    7.3514   14.5522   21.4551   27.9191   33.8123   39.0150   43.4217   46.9434   49.5092     51.5869
   11.1000    0.0000    7.3213   14.4926   21.3673   27.8049   33.6742   38.8558   43.2447   46.7522   49.3077     51.3770
   11.1500    0.0000    7.2913   14.4333   21.2799   27.6912   33.5366   38.6972   43.0684   46.5618   49.1070     51.1680
   11.2000    0.0000    7.2614   14.3742   21.1929   27.5781   33.3997   38.5393   42.8929   46.3722   48.9071     50.9598
   11.2500    0.0000    7.2317   14.3154   21.1062   27.4653   33.2633   38.3821   42.7180   46.1833   48.7080     50.7525
   11.3000    0.0000    7.2021   14.2568   21.0198   27.3531   33.1275   38.2255   42.5439   45.9952   48.5098     50.5460
   11.3500    0.0000    7.1726   14.1985   20.9339   27.2413   32.9922   38.0696   42.3705   45.8079   48.3123     50.3403
   11.4000    0.0000    7.1433   14.1404   20.8483   27.1300   32.8575   37.9143   42.1978   45.6213   48.1156     50.1355
   11.4500    0.0000    7.1140   14.0825   20.7631   27.0192   32.7234   37.7596   42.0258   45.4354   47.9197     49.9315
   11.5000    0.0000    7.0849   14.0249   20.6782   26.9088   32.5898   37.6056   41.8545   45.2504   47.7246     49.7283
   11.5500    0.0000    7.0559   13.9676   20.5936   26.7989   32.4567   37.4522   41.6839   45.0660   47.5303     49.5259
   11.6000    0.0000    7.0271   13.9105   20.5095   26.6894   32.3243   37.2995   41.5140   44.8825   47.3368     49.3243
   11.6500    0.0000    6.9983   13.8536   20.4257   26.5804   32.1923   37.1473   41.3448   44.6996   47.1441     49.1236
   11.7000    0.0000    6.9697   13.7970   20.3422   26.4718   32.0609   36.9958   41.1763   44.5175   46.9521     48.9236
   11.7500    0.0000    6.9412   13.7406   20.2591   26.3637   31.9301   36.8449   41.0084   44.3362   46.7609     48.7245
   11.8000    0.0000    6.9128   13.6844   20.1763   26.2561   31.7998   36.6947   40.8413   44.1556   46.5705     48.5261
   11.8500    0.0000    6.8846   13.6285   20.0939   26.1489   31.6700   36.5450   40.6748   43.9757   46.3809     48.3286
   11.9000    0.0000    6.8564   13.5728   20.0118   26.0421   31.5408   36.3960   40.5090   43.7966   46.1920     48.1319
   11.9500    0.0000    6.8284   13.5173   19.9300   25.9358   31.4121   36.2475   40.3439   43.6181   46.0039     47.9359
   12.0000    0.0000    6.8005   13.4621   19.8486   25.8299   31.2839   36.0997   40.1795   43.4405   45.8165     47.7408
   12.0500    0.0000    6.7727   13.4071   19.7676   25.7244   31.1563   35.9525   40.0157   43.2635   45.6300     47.5464
   12.1000    0.0000    6.7451   13.3523   19.6869   25.6194   31.0292   35.8059   39.8526   43.0872   45.4441     47.3528
   12.1500    0.0000    6.7175   13.2978   19.6065   25.5149   30.9026   35.6599   39.6902   42.9117   45.2590     47.1600
   12.2000    0.0000    6.6900   13.2434   19.5264   25.4107   30.7765   35.5145   39.5284   42.7369   45.0747     46.9680
   12.2500    0.0000    6.6627   13.1894   19.4467   25.3070   30.6509   35.3697   39.3673   42.5628   44.8911     46.7768
   12.3000    0.0000    6.6355   13.1355   19.3673   25.2037   30.5259   35.2255   39.2069   42.3893   44.7083     46.5863
   12.3500    0.0000    6.6084   13.0819   19.2882   25.1009   30.4014   35.0818   39.0471   42.2166   44.5262     46.3966
   12.4000    0.0000    6.5814   13.0284   19.2095   24.9984   30.2774   34.9388   38.8880   42.0447   44.3449     46.2077
   12.4500    0.0000    6.5545   12.9752   19.1311   24.8964   30.1539   34.7963   38.7295   41.8734   44.1642     46.0195
   12.5000    0.0000    6.5278   12.9223   19.0530   24.7948   30.0309   34.6545   38.5716   41.7028   43.9843     45.8321
   12.5500    0.0000    6.5011   12.8695   18.9752   24.6937   29.9084   34.5132   38.4144   41.5328   43.8052     45.6454
   12.6000    0.0000    6.4746   12.8170   18.8978   24.5929   29.7864   34.3725   38.2579   41.3636   43.6268     45.4595
   12.6500    0.0000    6.4481   12.7646   18.8206   24.4926   29.6649   34.2323   38.1019   41.1951   43.4490     45.2744
   12.7000    0.0000    6.4218   12.7125   18.7438   24.3927   29.5439   34.0928   37.9466   41.0273   43.2721     45.0900
   12.7500    0.0000    6.3956   12.6607   18.6673   24.2932   29.4235   33.9538   37.7920   40.8601   43.0958     44.9064
   12.8000    0.0000    6.3695   12.6090   18.5912   24.1940   29.3035   33.8154   37.6380   40.6936   42.9202     44.7235
   12.8500    0.0000    6.3435   12.5575   18.5153   24.0954   29.1840   33.6775   37.4846   40.5278   42.7454     44.5413
   12.9000    0.0000    6.3176   12.5063   18.4398   23.9971   29.0649   33.5402   37.3318   40.3627   42.5713     44.3599
   12.9500    0.0000    6.2918   12.4552   18.3645   23.8992   28.9464   33.4035   37.1797   40.1982   42.3979     44.1792
   13.0000    0.0000    6.2661   12.4044   18.2896   23.8017   28.8284   33.2673   37.0281   40.0344   42.2251     43.9993
   13.0500    0.0000    6.2406   12.3538   18.2150   23.7046   28.7108   33.1317   36.8772   39.8713   42.0531     43.8201
   13.1000    0.0000    6.2151   12.3034   18.1407   23.6079   28.5938   32.9966   36.7269   39.7089   41.8818     43.6416
   13.1500    0.0000    6.1897   12.2532   18.0667   23.5116   28.4772   32.8621   36.5773   39.5471   41.7112     43.4638
   13.2000    0.0000    6.1645   12.2032   17.9930   23.4157   28.3610   32.7282   36.4282   39.3859   41.5413     43.2868
   13.2500    0.0000    6.1393   12.1534   17.9196   23.3203   28.2454   32.5947   36.2797   39.2254   41.3720     43.1105
   13.3000    0.0000    6.1143   12.1038   17.8465   23.2251   28.1302   32.4619   36.1319   39.0656   41.2035     42.9348
   13.3500    0.0000    6.0893   12.0544   17.7737   23.1304   28.0156   32.3295   35.9846   38.9064   41.0356     42.7600
   13.4000    0.0000    6.0645   12.0053   17.7012   23.0361   27.9013   32.1978   35.8380   38.7479   40.8684     42.5858
   13.4500    0.0000    6.0397   11.9563   17.6290   22.9422   27.7876   32.0665   35.6919   38.5900   40.7019     42.4123
   13.5000    0.0000    6.0151   11.9075   17.5571   22.8486   27.6743   31.9358   35.5465   38.4328   40.5361     42.2395
   13.5500    0.0000    5.9906   11.8589   17.4855   22.7554   27.5614   31.8056   35.4016   38.2762   40.3709     42.0674
   13.6000    0.0000    5.9661   11.8106   17.4142   22.6626   27.4491   31.6760   35.2573   38.1202   40.2065     41.8961
   13.6500    0.0000    5.9418   11.7624   17.3431   22.5702   27.3372   31.5469   35.1136   37.9649   40.0427     41.7254
   13.7000    0.0000    5.9176   11.7144   17.2724   22.4782   27.2257   31.4183   34.9705   37.8102   39.8795     41.5554
   13.7500    0.0000    5.8934   11.6667   17.2020   22.3866   27.1147   31.2902   34.8280   37.6561   39.7170     41.3861
   13.8000    0.0000    5.8694   11.6191   17.1318   22.2953   27.0042   31.1627   34.6861   37.5027   39.5552     41.2175
   13.8500    0.0000    5.8454   11.5717   17.0620   22.2044   26.8941   31.0357   34.5447   37.3499   39.3941     41.0496
   13.9000    0.0000    5.8216   11.5245   16.9924   22.1138   26.7845   30.9092   34.4039   37.1977   39.2335     40.8824
   13.9500    0.0000    5.7979   11.4775   16.9231   22.0237   26.6753   30.7832   34.2637   37.0461   39.0737     40.7158
   14.0000    0.0000    5.7742   11.4307   16.8541   21.9339   26.5665   30.6577   34.1241   36.8951   38.9145     40.5499
   14.0500    0.0000    5.7507   11.3841   16.7854   21.8445   26.4582   30.5328   33.9850   36.7448   38.7559     40.3847
   14.1000    0.0000    5.7272   11.3377   16.7169   21.7554   26.3504   30.4083   33.8465   36.5951   38.5980     40.2202
   14.1500    0.0000    5.7039   11.2914   16.6488   21.6667   26.2430   30.2844   33.7086   36.4460   38.4408     40.0563
   14.2000    0.0000    5.6806   11.2454   16.5809   21.5784   26.1360   30.1609   33.5712   36.2974   38.2841     39.8931
   14.2500    0.0000    5.6574   11.1995   16.5133   21.4904   26.0295   30.0380   33.4344   36.1495   38.1281     39.7306
   14.3000    0.0000    5.6344   11.1539   16.4460   21.4028   25.9234   29.9156   33.2982   36.0022   37.9728     39.5687
   14.3500    0.0000    5.6114   11.1084   16.3789   21.3155   25.8177   29.7936   33.1625   35.8555   37.8181     39.4075
   14.4000    0.0000    5.5885   11.0631   16.3121   21.2286   25.7124   29.6722   33.0273   35.7094   37.6640     39.2469
   14.4500    0.0000    5.5657   11.0180   16.2456   21.1421   25.6076   29.5513   32.8927   35.5639   37.5105     39.0870
   14.5000    0.0000    5.5430   10.9731   16.1794   21.0559   25.5033   29.4308   32.7587   35.4190   37.3577     38.9278
   14.5500    0.0000    5.5204   10.9283   16.1134   20.9701   25.3993   29.3109   32.6252   35.2747   37.2054     38.7692
   14.6000    0.0000    5.4979   10.8838   16.0477   20.8846   25.2958   29.1914   32.4922   35.1309   37.0538     38.6112
   14.6500    0.0000    5.4755   10.8394   15.9823   20.7995   25.1927   29.0725   32.3598   34.9878   36.9029     38.4539
   14.7000    0.0000    5.4532   10.7952   15.9172   20.7147   25.0900   28.9540   32.2279   34.8452   36.7525     38.2972
   14.7500    0.0000    5.4309   10.7512   15.8523   20.6302   24.9877   28.8360   32.0966   34.7032   36.6027     38.1412
   14.8000    0.0000    5.4088   10.7074   15.7876   20.5461   24.8859   28.7184   31.9658   34.5618   36.4536     37.9858
   14.8500    0.0000    5.3868   10.6637   15.7233   20.4624   24.7844   28.6014   31.8355   34.4209   36.3051     37.8310
   14.9000    0.0000    5.3648   10.6202   15.6592   20.3790   24.6834   28.4848   31.7058   34.2807   36.1571     37.6768
   14.9500    0.0000    5.3429   10.5769   15.5954   20.2959   24.5828   28.3687   31.5766   34.1410   36.0098     37.5233
   15.0000    0.0000    5.3211   10.5338   15.5318   20.2132   24.4826   28.2531   31.4479   34.0019   35.8631     37.3704
   15.0500    0.0000    5.2994   10.4909   15.4685   20.1308   24.3828   28.1380   31.3197   33.8633   35.7169     37.2182
   15.1000    0.0000    5.2778   10.4481   15.4054   20.0487   24.2834   28.0233   31.1921   33.7253   35.5714     37.0665
   15.1500    0.0000    5.2563   10.4055   15.3426   19.9670   24.1845   27.9091   31.0650   33.5879   35.4264     36.9155
   15.2000    0.0000    5.2349   10.3631   15.2801   19.8856   24.0859   27.7953   30.9384   33.4510   35.2821     36.7651
   15.2500    0.0000    5.2136   10.3209   15.2178   19.8046   23.9877   27.6821   30.8123   33.3147   35.1383     36.6152
   15.3000    0.0000    5.1923   10.2788   15.1558   19.7238   23.8900   27.5692   30.6867   33.1789   34.9951     36.4660
   15.3500    0.0000    5.1711   10.2369   15.0940   19.6434   23.7926   27.4569   30.5617   33.0437   34.8525     36.3175
   15.4000    0.0000    5.1501   10.1952   15.0325   19.5634   23.6956   27.3450   30.4371   32.9091   34.7105     36.1695
   15.4500    0.0000    5.1291   10.1536   14.9712   19.4836   23.5990   27.2335   30.3131   32.7750   34.5691     36.0221
   15.5000    0.0000    5.1082   10.1122   14.9102   19.4042   23.5029   27.1226   30.1896   32.6414   34.4282     35.8753
   15.5500    0.0000    5.0873   10.0710   14.8494   19.3251   23.4071   27.0120   30.0665   32.5084   34.2879     35.7291
   15.6000    0.0000    5.0666   10.0299   14.7889   19.2464   23.3117   26.9019   29.9440   32.3759   34.1482     35.5835
   15.6500    0.0000    5.0459    9.9891   14.7286   19.1679   23.2167   26.7923   29.8220   32.2440   34.0090     35.4385
   15.7000    0.0000    5.0254    9.9483   14.6685   19.0898   23.1220   26.6831   29.7004   32.1126   33.8705     35.2941
   15.7500    0.0000    5.0049    9.9078   14.6088   19.0120   23.0278   26.5744   29.5794   31.9817   33.7324     35.1503
   15.8000    0.0000    4.9845    9.8674   14.5492   18.9345   22.9340   26.4661   29.4589   31.8514   33.5950     35.0071
   15.8500    0.0000    4.9642    9.8272   14.4899   18.8573   22.8405   26.3582   29.3388   31.7216   33.4581     34.8644
   15.9000    0.0000    4.9439    9.7871   14.4308   18.7805   22.7474   26.2508   29.2193   31.5924   33.3217     34.7224
   15.9500    0.0000    4.9238    9.7472   14.3720   18.7039   22.6547   26.1438   29.1002   31.4636   33.1860     34.5809
   16.0000    0.0000    4.9037    9.7075   14.3135   18.6277   22.5624   26.0373   28.9816   31.3354   33.0507     34.4400
   16.0500    0.0000    4.8837    9.6679   14.2551   18.5518   22.4704   25.9311   28.8635   31.2077   32.9160     34.2996
   16.1000    0.0000    4.8638    9.6285   14.1970   18.4762   22.3788   25.8255   28.7459   31.0805   32.7819     34.1599
   16.1500    0.0000    4.8440    9.5893   14.1392   18.4009   22.2876   25.7202   28.6287   30.9539   32.6483     34.0207
   16.2000    0.0000    4.8243    9.5502   14.0815   18.3259   22.1968   25.6154   28.5120   30.8277   32.5153     33.8820
   16.2500    0.0000    4.8046    9.5113   14.0241   18.2512   22.1063   25.5110   28.3959   30.7021   32.3828     33.7440
   16.3000    0.0000    4.7850    9.4725   13.9670   18.1768   22.0162   25.4070   28.2801   30.5770   32.2508     33.6065
   16.3500    0.0000    4.7655    9.4339   13.9100   18.1027   21.9265   25.3035   28.1649   30.4524   32.1194     33.4695
   16.4000    0.0000    4.7461    9.3955   13.8534   18.0289   21.8372   25.2004   28.0501   30.3283   31.9885     33.3331
   16.4500    0.0000    4.7267    9.3572   13.7969   17.9555   21.7482   25.0977   27.9358   30.2047   31.8582     33.1973
   16.5000    0.0000    4.7075    9.3190   13.7407   17.8823   21.6595   24.9954   27.8220   30.0816   31.7283     33.0620
   16.5500    0.0000    4.6883    9.2810   13.6847   17.8094   21.5713   24.8935   27.7086   29.9590   31.5991     32.9273
   16.6000    0.0000    4.6692    9.2432   13.6289   17.7368   21.4833   24.7921   27.5957   29.8369   31.4703     32.7931
   16.6500    0.0000    4.6502    9.2055   13.5733   17.6645   21.3958   24.6911   27.4832   29.7154   31.3420     32.6595
   16.7000    0.0000    4.6312    9.1680   13.5180   17.5926   21.3086   24.5904   27.3712   29.5943   31.2143     32.5264
   16.7500    0.0000    4.6123    9.1307   13.4629   17.5209   21.2218   24.4902   27.2597   29.4737   31.0871     32.3939
   16.8000    0.0000    4.5935    9.0934   13.4081   17.4494   21.1353   24.3904   27.1486   29.3536   30.9604     32.2619
   16.8500    0.0000    4.5748    9.0564   13.3534   17.3783   21.0491   24.2910   27.0379   29.2339   30.8343     32.1304
   16.9000    0.0000    4.5562    9.0195   13.2990   17.3075   20.9633   24.1920   26.9278   29.1148   30.7086     31.9995
   16.9500    0.0000    4.5376    8.9827   13.2448   17.2370   20.8779   24.0934   26.8180   28.9962   30.5835     31.8691
   17.0000    0.0000    4.5191    8.9461   13.1908   17.1667   20.7928   23.9952   26.7087   28.8780   30.4589     31.7392
   17.0500    0.0000    4.5007    8.9096   13.1371   17.0968   20.7081   23.8975   26.5999   28.7603   30.3347     31.6099
   17.1000    0.0000    4.4823    8.8733   13.0835   17.0271   20.6237   23.8001   26.4915   28.6431   30.2111     31.4810
   17.1500    0.0000    4.4641    8.8372   13.0302   16.9577   20.5397   23.7031   26.3835   28.5264   30.0880     31.3528
   17.2000    0.0000    4.4459    8.8012   12.9771   16.8886   20.4559   23.6065   26.2760   28.4101   29.9654     31.2250
   17.2500    0.0000    4.4278    8.7653   12.9242   16.8198   20.3726   23.5103   26.1689   28.2944   29.8433     31.0978
   17.3000    0.0000    4.4097    8.7296   12.8715   16.7512   20.2896   23.4145   26.0623   28.1791   29.7217     30.9710
   17.3500    0.0000    4.3917    8.6940   12.8191   16.6829   20.2069   23.3191   25.9561   28.0642   29.6006     30.8448
   17.4000    0.0000    4.3738    8.6586   12.7668   16.6150   20.1245   23.2240   25.8503   27.9499   29.4799     30.7191
   17.4500    0.0000    4.3560    8.6233   12.7148   16.5472   20.0425   23.1294   25.7450   27.8360   29.3598     30.5939
   17.5000    0.0000    4.3383    8.5881   12.6630   16.4798   19.9608   23.0351   25.6400   27.7225   29.2402     30.4693
   17.5500    0.0000    4.3206    8.5531   12.6114   16.4126   19.8795   22.9412   25.5356   27.6096   29.1210     30.3451
   17.6000    0.0000    4.3030    8.5183   12.5600   16.3458   19.7985   22.8478   25.4315   27.4970   29.0023     30.2214
   17.6500    0.0000    4.2854    8.4836   12.5088   16.2791   19.7178   22.7546   25.3279   27.3850   28.8841     30.0983
   17.7000    0.0000    4.2680    8.4490   12.4578   16.2128   19.6374   22.6619   25.2246   27.2734   28.7664     29.9756
   17.7500    0.0000    4.2506    8.4145   12.4070   16.1467   19.5574   22.5696   25.1218   27.1623   28.6492     29.8535
   17.8000    0.0000    4.2333    8.3803   12.3565   16.0809   19.4777   22.4776   25.0195   27.0516   28.5325     29.7318
   17.8500    0.0000    4.2160    8.3461   12.3061   16.0154   19.3983   22.3860   24.9175   26.9413   28.4162     29.6107
   17.9000    0.0000    4.1988    8.3121   12.2560   15.9501   19.3193   22.2948   24.8160   26.8315   28.3004     29.4900
   17.9500    0.0000    4.1817    8.2782   12.2060   15.8851   19.2405   22.2039   24.7148   26.7222   28.1851     29.3698
   18.0000    0.0000    4.1647    8.2445   12.1563   15.8204   19.1621   22.1134   24.6141   26.6133   28.0702     29.2502
   18.0500    0.0000    4.1477    8.2109   12.1067   15.7559   19.0840   22.0233   24.5138   26.5048   27.9558     29.1310
   18.1000    0.0000    4.1308    8.1774   12.0574   15.6917   19.0063   21.9336   24.4139   26.3968   27.8419     29.0122
   18.1500    0.0000    4.1140    8.1441   12.0083   15.6278   18.9288   21.8442   24.3144   26.2893   27.7284     28.8940
   18.2000    0.0000    4.0972    8.1109   11.9593   15.5641   18.8517   21.7551   24.2153   26.1821   27.6154     28.7763
   18.2500    0.0000    4.0805    8.0778   11.9106   15.5006   18.7748   21.6665   24.1167   26.0754   27.5029     28.6590
   18.3000    0.0000    4.0639    8.0449   11.8621   15.4375   18.6983   21.5782   24.0184   25.9692   27.3908     28.5422
   18.3500    0.0000    4.0473    8.0121   11.8137   15.3746   18.6221   21.4903   23.9205   25.8633   27.2792     28.4259
   18.4000    0.0000    4.0308    7.9795   11.7656   15.3119   18.5462   21.4027   23.8230   25.7579   27.1680     28.3101
   18.4500    0.0000    4.0144    7.9470   11.7176   15.2495   18.4707   21.3155   23.7259   25.6530   27.0573     28.1947
   18.5000    0.0000    3.9980    7.9146   11.6699   15.1874   18.3954   21.2286   23.6293   25.5484   26.9471     28.0798
   18.5500    0.0000    3.9817    7.8823   11.6223   15.1255   18.3204   21.1421   23.5330   25.4443   26.8372     27.9654
   18.6000    0.0000    3.9655    7.8502   11.5749   15.0638   18.2458   21.0559   23.4371   25.3406   26.7279     27.8514
   18.6500    0.0000    3.9493    7.8182   11.5278   15.0024   18.1714   20.9701   23.3415   25.2374   26.6190     27.7379
   18.7000    0.0000    3.9332    7.7863   11.4808   14.9413   18.0974   20.8847   23.2464   25.1345   26.5105     27.6249
   18.7500    0.0000    3.9172    7.7546   11.4340   14.8804   18.0236   20.7996   23.1517   25.0321   26.4025     27.5123
   18.8000    0.0000    3.9013    7.7230   11.3874   14.8198   17.9502   20.7148   23.0573   24.9301   26.2949     27.4002
   18.8500    0.0000    3.8854    7.6915   11.3410   14.7594   17.8770   20.6304   22.9634   24.8285   26.1877     27.2885
   18.9000    0.0000    3.8695    7.6602   11.2948   14.6992   17.8042   20.5463   22.8698   24.7273   26.0810     27.1773
   18.9500    0.0000    3.8538    7.6290   11.2488   14.6393   17.7316   20.4626   22.7766   24.6265   25.9747     27.0666
   19.0000    0.0000    3.8380    7.5979   11.2029   14.5797   17.6593   20.3792   22.6838   24.5262   25.8689     26.9563
   19.0500    0.0000    3.8224    7.5669   11.1573   14.5202   17.5874   20.2961   22.5913   24.4262   25.7634     26.8464
   19.1000    0.0000    3.8068    7.5361   11.1118   14.4611   17.5157   20.2134   22.4993   24.3267   25.6584     26.7370
   19.1500    0.0000    3.7913    7.5054   11.0665   14.4021   17.4443   20.1311   22.4076   24.2276   25.5539     26.6281
   19.2000    0.0000    3.7759    7.4748   11.0214   14.3435   17.3732   20.0490   22.3163   24.1288   25.4497     26.5196
   19.2500    0.0000    3.7605    7.4443   10.9765   14.2850   17.3024   19.9673   22.2253   24.0305   25.3460     26.4115
   19.3000    0.0000    3.7452    7.4140   10.9318   14.2268   17.2319   19.8859   22.1348   23.9326   25.2427     26.3039
   19.3500    0.0000    3.7299    7.3838   10.8872   14.1688   17.1617   19.8049   22.0446   23.8351   25.1399     26.1967
   19.4000    0.0000    3.7147    7.3537   10.8428   14.1111   17.0918   19.7242   21.9547   23.7379   25.0374     26.0899
   19.4500    0.0000    3.6996    7.3237   10.7987   14.0536   17.0221   19.6438   21.8653   23.6412   24.9354     25.9836
   19.5000    0.0000    3.6845    7.2939   10.7547   13.9963   16.9527   19.5638   21.7762   23.5448   24.8338     25.8777
   19.5500    0.0000    3.6695    7.2641   10.7108   13.9393   16.8837   19.4840   21.6874   23.4489   24.7326     25.7722
   19.6000    0.0000    3.6545    7.2345   10.6672   13.8824   16.8149   19.4046   21.5990   23.3533   24.6318     25.6672
   19.6500    0.0000    3.6396    7.2051   10.6237   13.8259   16.7463   19.3256   21.5110   23.2582   24.5314     25.5626
   19.7000    0.0000    3.6248    7.1757   10.5804   13.7695   16.6781   19.2468   21.4234   23.1634   24.4314     25.4585
   19.7500    0.0000    3.6100    7.1465   10.5373   13.7134   16.6101   19.1684   21.3361   23.0690   24.3319     25.3547
   19.8000    0.0000    3.5953    7.1173   10.4943   13.6575   16.5424   19.0903   21.2491   22.9750   24.2327     25.2514
   19.8500    0.0000    3.5806    7.0883   10.4516   13.6019   16.4750   19.0125   21.1625   22.8814   24.1340     25.1485
   19.9000    0.0000    3.5661    7.0594   10.4090   13.5464   16.4079   18.9350   21.0763   22.7881   24.0356     25.0460
   19.9500    0.0000    3.5515    7.0307   10.3666   13.4912   16.3410   18.8578   20.9904   22.6952   23.9377     24.9439
   20.0000    0.0000    3.5370    7.0020   10.3243   13.4363   16.2744   18.7810   20.9048   22.6028   23.8401     24.8423
   20.0500    0.0000    3.5226    6.9735   10.2823   13.3815   16.2081   18.7044   20.8196   22.5107   23.7430     24.7410
   20.1000    0.0000    3.5083    6.9451   10.2404   13.3270   16.1420   18.6282   20.7348   22.4189   23.6462     24.6402
   20.1500    0.0000    3.4940    6.9168   10.1986   13.2727   16.0763   18.5523   20.6503   22.3276   23.5499     24.5398
   20.2000    0.0000    3.4797    6.8886   10.1571   13.2186   16.0107   18.4767   20.5662   22.2366   23.4539     24.4398
   20.2500    0.0000    3.4656    6.8605   10.1157   13.1647   15.9455   18.4014   20.4823   22.1459   23.3583     24.3402
   20.3000    0.0000    3.4514    6.8326   10.0744   13.1111   15.8805   18.3264   20.3989   22.0557   23.2631     24.2410
   20.3500    0.0000    3.4374    6.8047   10.0334   13.0576   15.8158   18.2517   20.3157   21.9658   23.1683     24.1422
   20.4000    0.0000    3.4234    6.7770    9.9925   13.0044   15.7514   18.1773   20.2330   21.8763   23.0739     24.0439
   20.4500    0.0000    3.4094    6.7494    9.9518   12.9514   15.6872   18.1033   20.1505   21.7872   22.9799     23.9459
   20.5000    0.0000    3.3955    6.7219    9.9112   12.8986   15.6232   18.0295   20.0684   21.6984   22.8862     23.8483
   20.5500    0.0000    3.3817    6.6945    9.8708   12.8461   15.5596   17.9560   19.9866   21.6099   22.7930     23.7511
   20.6000    0.0000    3.3679    6.6672    9.8306   12.7937   15.4962   17.8828   19.9052   21.5219   22.7001     23.6543
   20.6500    0.0000    3.3542    6.6400    9.7905   12.7416   15.4330   17.8100   19.8240   21.4342   22.6076     23.5579
   20.7000    0.0000    3.3405    6.6129    9.7506   12.6897   15.3701   17.7374   19.7433   21.3468   22.5154     23.4619
   20.7500    0.0000    3.3269    6.5860    9.7109   12.6380   15.3075   17.6651   19.6628   21.2598   22.4237     23.3663
   20.8000    0.0000    3.3133    6.5592    9.6713   12.5864   15.2451   17.5931   19.5827   21.1732   22.3323     23.2711
   20.8500    0.0000    3.2998    6.5324    9.6319   12.5352   15.1830   17.5214   19.5029   21.0869   22.2413     23.1762
   20.9000    0.0000    3.2864    6.5058    9.5927   12.4841   15.1211   17.4500   19.4234   21.0010   22.1507     23.0818
   20.9500    0.0000    3.2730    6.4793    9.5536   12.4332   15.0595   17.3789   19.3442   20.9154   22.0604     22.9877
   21.0000    0.0000    3.2597    6.4529    9.5146   12.3825   14.9981   17.3081   19.2654   20.8302   21.9705     22.8941
   21.0500    0.0000    3.2464    6.4266    9.4759   12.3321   14.9370   17.2376   19.1869   20.7453   21.8810     22.8008
   21.1000    0.0000    3.2331    6.4004    9.4373   12.2818   14.8761   17.1673   19.1087   20.6607   21.7918     22.7078
   21.1500    0.0000    3.2200    6.3743    9.3988   12.2318   14.8155   17.0974   19.0308   20.5765   21.7030     22.6153
   21.2000    0.0000    3.2068    6.3483    9.3605   12.1819   14.7551   17.0277   18.9533   20.4927   21.6146     22.5232
   21.2500    0.0000    3.1938    6.3225    9.3224   12.1323   14.6950   16.9583   18.8760   20.4092   21.5265     22.4314
   21.3000    0.0000    3.1808    6.2967    9.2844   12.0828   14.6351   16.8892   18.7991   20.3260   21.4387     22.3400
   21.3500    0.0000    3.1678    6.2711    9.2465   12.0336   14.5755   16.8204   18.7225   20.2432   21.3514     22.2489
   21.4000    0.0000    3.1549    6.2455    9.2088   11.9846   14.5161   16.7518   18.6462   20.1607   21.2644     22.1582
   21.4500    0.0000    3.1420    6.2200    9.1713   11.9357   14.4569   16.6835   18.5702   20.0785   21.1777     22.0679
   21.5000    0.0000    3.1292    6.1947    9.1339   11.8871   14.3980   16.6156   18.4946   19.9967   21.0914     21.9780
   21.5500    0.0000    3.1165    6.1695    9.0967   11.8386   14.3393   16.5478   18.4192   19.9152   21.0055     21.8885
   21.6000    0.0000    3.1038    6.1443    9.0596   11.7904   14.2809   16.4804   18.3441   19.8341   20.9199     21.7993
   21.6500    0.0000    3.0911    6.1193    9.0227   11.7423   14.2227   16.4132   18.2694   19.7532   20.8346     21.7104
   21.7000    0.0000    3.0785    6.0943    8.9860   11.6945   14.1647   16.3464   18.1949   19.6727   20.7497     21.6219
   21.7500    0.0000    3.0660    6.0695    8.9493   11.6468   14.1070   16.2797   18.1208   19.5926   20.6651     21.5338
   21.8000    0.0000    3.0535    6.0448    8.9129   11.5994   14.0495   16.2134   18.0469   19.5127   20.5809     21.4461
   21.8500    0.0000    3.0410    6.0201    8.8765   11.5521   13.9923   16.1473   17.9734   19.4332   20.4971     21.3587
   21.9000    0.0000    3.0287    5.9956    8.8404   11.5050   13.9352   16.0815   17.9001   19.3540   20.4135     21.2716
   21.9500    0.0000    3.0163    5.9712    8.8044   11.4581   13.8785   16.0160   17.8272   19.2751   20.3303     21.1850
   22.0000    0.0000    3.0040    5.9468    8.7685   11.4114   13.8219   15.9507   17.7545   19.1966   20.2475     21.0986
   22.0500    0.0000    2.9918    5.9226    8.7327   11.3649   13.7656   15.8857   17.6822   19.1184   20.1650     21.0126
   22.1000    0.0000    2.9796    5.8985    8.6972   11.3186   13.7095   15.8210   17.6101   19.0405   20.0828     20.9270
   22.1500    0.0000    2.9674    5.8744    8.6617   11.2725   13.6536   15.7565   17.5384   18.9629   20.0010     20.8417
   22.2000    0.0000    2.9554    5.8505    8.6264   11.2266   13.5980   15.6923   17.4669   18.8856   19.9195     20.7568
   22.2500    0.0000    2.9433    5.8266    8.5913   11.1808   13.5426   15.6284   17.3957   18.8086   19.8383     20.6722
   22.3000    0.0000    2.9313    5.8029    8.5562   11.1353   13.4874   15.5647   17.3248   18.7320   19.7574     20.5880
   22.3500    0.0000    2.9194    5.7793    8.5214   11.0899   13.4324   15.5012   17.2542   18.6556   19.6769     20.5041
   22.4000    0.0000    2.9075    5.7557    8.4867   11.0447   13.3777   15.4381   17.1839   18.5796   19.5967     20.4205
   22.4500    0.0000    2.8956    5.7322    8.4521   10.9997   13.3231   15.3752   17.1139   18.5039   19.5169     20.3373
   22.5000    0.0000    2.8838    5.7089    8.4176   10.9548   13.2689   15.3125   17.0441   18.4285   19.4373     20.2544
   22.5500    0.0000    2.8721    5.6856    8.3833   10.9102   13.2148   15.2501   16.9747   18.3534   19.3581     20.1719
   22.6000    0.0000    2.8604    5.6624    8.3492   10.8657   13.1609   15.1880   16.9055   18.2786   19.2793     20.0897
   22.6500    0.0000    2.8487    5.6394    8.3151   10.8215   13.1073   15.1261   16.8366   18.2041   19.2007     20.0078
   22.7000    0.0000    2.8371    5.6164    8.2812   10.7774   13.0539   15.0644   16.7680   18.1299   19.1224     19.9263
   22.7500    0.0000    2.8255    5.5935    8.2475   10.7334   13.0007   15.0030   16.6997   18.0560   19.0445     19.8451
   22.8000    0.0000    2.8140    5.5707    8.2139   10.6897   12.9477   14.9419   16.6316   17.9825   18.9669     19.7642
   22.8500    0.0000    2.8026    5.5480    8.1804   10.6461   12.8949   14.8810   16.5638   17.9092   18.8896     19.6837
   22.9000    0.0000    2.7911    5.5254    8.1471   10.6028   12.8424   14.8204   16.4963   17.8362   18.8126     19.6034
   22.9500    0.0000    2.7798    5.5029    8.1139   10.5595   12.7901   14.7600   16.4291   17.7635   18.7360     19.5236
   23.0000    0.0000    2.7684    5.4805    8.0808   10.5165   12.7379   14.6998   16.3622   17.6911   18.6596     19.4440
   23.0500    0.0000    2.7572    5.4581    8.0479   10.4737   12.6860   14.6399   16.2955   17.6190   18.5836     19.3648
   23.1000    0.0000    2.7459    5.4359    8.0151   10.4310   12.6343   14.5802   16.2291   17.5472   18.5078     19.2858
   23.1500    0.0000    2.7347    5.4137    7.9824   10.3885   12.5828   14.5208   16.1629   17.4757   18.4324     19.2073
   23.2000    0.0000    2.7236    5.3917    7.9499   10.3461   12.5316   14.4617   16.0971   17.4045   18.3573     19.1290
   23.2500    0.0000    2.7125    5.3697    7.9175   10.3040   12.4805   14.4027   16.0315   17.3336   18.2825     19.0510
   23.3000    0.0000    2.7014    5.3478    7.8852   10.2620   12.4296   14.3440   15.9661   17.2629   18.2080     18.9734
   23.3500    0.0000    2.6904    5.3260    7.8531   10.2202   12.3790   14.2856   15.9011   17.1926   18.1338     18.8961
   23.4000    0.0000    2.6795    5.3043    7.8211   10.1785   12.3285   14.2274   15.8363   17.1225   18.0599     18.8191
   23.4500    0.0000    2.6685    5.2827    7.7892   10.1370   12.2783   14.1694   15.7717   17.0528   17.9863     18.7424
   23.5000    0.0000    2.6577    5.2612    7.7575   10.0957   12.2283   14.1116   15.7075   16.9833   17.9130     18.6660
   23.5500    0.0000    2.6468    5.2397    7.7259   10.0546   12.1784   14.0541   15.6435   16.9141   17.8400     18.5899
   23.6000    0.0000    2.6360    5.2184    7.6944   10.0136   12.1288   13.9969   15.5797   16.8451   17.7673     18.5142
   23.6500    0.0000    2.6253    5.1971    7.6630    9.9728   12.0794   13.9398   15.5162   16.7765   17.6949     18.4387
   23.7000    0.0000    2.6146    5.1759    7.6318    9.9322   12.0301   13.8830   15.4530   16.7081   17.6228     18.3636
   23.7500    0.0000    2.6039    5.1548    7.6007    9.8917   11.9811   13.8264   15.3900   16.6400   17.5510     18.2888
   23.8000    0.0000    2.5933    5.1338    7.5697    9.8514   11.9323   13.7701   15.3273   16.5722   17.4794     18.2142
   23.8500    0.0000    2.5828    5.1129    7.5389    9.8112   11.8837   13.7140   15.2648   16.5047   17.4082     18.1400
   23.9000    0.0000    2.5722    5.0921    7.5082    9.7712   11.8352   13.6581   15.2026   16.4374   17.3373     18.0661
   23.9500    0.0000    2.5618    5.0713    7.4776    9.7314   11.7870   13.6024   15.1407   16.3704   17.2666     17.9925
   24.0000    0.0000    2.5513    5.0507    7.4471    9.6918   11.7390   13.5470   15.0790   16.3037   17.1963     17.9191
   24.0500    0.0000    2.5409    5.0301    7.4167    9.6523   11.6911   13.4918   15.0175   16.2373   17.1262     17.8461
   24.1000    0.0000    2.5306    5.0096    7.3865    9.6129   11.6435   13.4368   14.9563   16.1711   17.0564     17.7734
   24.1500    0.0000    2.5203    4.9892    7.3564    9.5738   11.5960   13.3821   14.8954   16.1052   16.9869     17.7010
   24.2000    0.0000    2.5100    4.9688    7.3264    9.5348   11.5488   13.3275   14.8347   16.0396   16.9177     17.6288
   24.2500    0.0000    2.4998    4.9486    7.2966    9.4959   11.5017   13.2732   14.7742   15.9742   16.8487     17.5570
   24.3000    0.0000    2.4896    4.9284    7.2668    9.4572   11.4549   13.2191   14.7140   15.9091   16.7801     17.4854
   24.3500    0.0000    2.4794    4.9083    7.2372    9.4187   11.4082   13.1652   14.6541   15.8443   16.7117     17.4142
   24.4000    0.0000    2.4693    4.8883    7.2077    9.3803   11.3617   13.1116   14.5943   15.7797   16.6436     17.3432
   24.4500    0.0000    2.4593    4.8684    7.1784    9.3421   11.3154   13.0582   14.5349   15.7154   16.5757     17.2725
   24.5000    0.0000    2.4492    4.8486    7.1491    9.3040   11.2693   13.0049   14.4756   15.6514   16.5082     17.2021
   24.5500    0.0000    2.4393    4.8288    7.1200    9.2661   11.2234   12.9520   14.4166   15.5876   16.4409     17.1320
   24.6000    0.0000    2.4293    4.8091    7.0910    9.2283   11.1776   12.8992   14.3579   15.5241   16.3739     17.0622
   24.6500    0.0000    2.4194    4.7895    7.0621    9.1907   11.1321   12.8466   14.2994   15.4608   16.3072     16.9927
   24.7000    0.0000    2.4096    4.7700    7.0333    9.1532   11.0867   12.7943   14.2411   15.3978   16.2407     16.9234
   24.7500    0.0000    2.3997    4.7506    7.0046    9.1159   11.0415   12.7421   14.1831   15.3351   16.1746     16.8545
   24.8000    0.0000    2.3900    4.7312    6.9761    9.0788   10.9965   12.6902   14.1253   15.2726   16.1086     16.7858
   24.8500    0.0000    2.3802    4.7119    6.9477    9.0418   10.9517   12.6385   14.0677   15.2103   16.0430     16.7174
   24.9000    0.0000    2.3705    4.6927    6.9193    9.0050   10.9071   12.5870   14.0104   15.1483   15.9776     16.6493
   24.9500    0.0000    2.3609    4.6736    6.8911    8.9683   10.8626   12.5357   13.9533   15.0866   15.9125     16.5814
   25.0000    0.0000    2.3512    4.6546    6.8631    8.9317   10.8184   12.4846   13.8964   15.0251   15.8477     16.5138
   25.0500    0.0000    2.3417    4.6356    6.8351    8.8953   10.7743   12.4337   13.8398   14.9639   15.7831     16.4465
   25.1000    0.0000    2.3321    4.6167    6.8072    8.8591   10.7304   12.3830   13.7834   14.9029   15.7188     16.3795
   25.1500    0.0000    2.3226    4.5979    6.7795    8.8230   10.6866   12.3326   13.7272   14.8422   15.6547     16.3128
   25.2000    0.0000    2.3131    4.5792    6.7519    8.7870   10.6431   12.2823   13.6713   14.7817   15.5909     16.2463
   25.2500    0.0000    2.3037    4.5605    6.7244    8.7512   10.5997   12.2323   13.6156   14.7215   15.5274     16.1801
   25.3000    0.0000    2.2943    4.5419    6.6969    8.7155   10.5565   12.1824   13.5601   14.6615   15.4641     16.1142
   25.3500    0.0000    2.2850    4.5234    6.6697    8.6800   10.5135   12.1328   13.5048   14.6017   15.4011     16.0485
   25.4000    0.0000    2.2757    4.5050    6.6425    8.6446   10.4707   12.0833   13.4498   14.5422   15.3383     15.9831
   25.4500    0.0000    2.2664    4.4866    6.6154    8.6094   10.4280   12.0341   13.3950   14.4830   15.2758     15.9180
   25.5000    0.0000    2.2572    4.4683    6.5885    8.5743   10.3855   11.9851   13.3404   14.4239   15.2136     15.8531
   25.5500    0.0000    2.2480    4.4501    6.5616    8.5394   10.3432   11.9362   13.2860   14.3652   15.1516     15.7885
   25.6000    0.0000    2.2388    4.4320    6.5349    8.5046   10.3010   11.8876   13.2319   14.3066   15.0898     15.7241
   25.6500    0.0000    2.2297    4.4139    6.5082    8.4699   10.2590   11.8391   13.1780   14.2483   15.0283     15.6601
   25.7000    0.0000    2.2206    4.3959    6.4817    8.4354   10.2172   11.7909   13.1243   14.1902   14.9671     15.5962
   25.7500    0.0000    2.2115    4.3780    6.4553    8.4010   10.1756   11.7428   13.0708   14.1324   14.9061     15.5327
   25.8000    0.0000    2.2025    4.3602    6.4290    8.3668   10.1341   11.6950   13.0175   14.0748   14.8453     15.4694
   25.8500    0.0000    2.1936    4.3424    6.4028    8.3327   10.0928   11.6473   12.9645   14.0175   14.7849     15.4064
   25.9000    0.0000    2.1846    4.3247    6.3767    8.2987   10.0517   11.5999   12.9116   13.9603   14.7246     15.3436
   25.9500    0.0000    2.1757    4.3071    6.3507    8.2649   10.0107   11.5526   12.8590   13.9035   14.6646     15.2810
   26.0000    0.0000    2.1668    4.2895    6.3248    8.2312    9.9699   11.5055   12.8066   13.8468   14.6048     15.2188
   26.0500    0.0000    2.1580    4.2721    6.2991    8.1977    9.9293   11.4586   12.7544   13.7904   14.5453     15.1567
   26.1000    0.0000    2.1492    4.2546    6.2734    8.1643    9.8889   11.4119   12.7025   13.7342   14.4860     15.0950
   26.1500    0.0000    2.1405    4.2373    6.2478    8.1310    9.8486   11.3654   12.6507   13.6782   14.4270     15.0335
   26.2000    0.0000    2.1317    4.2200    6.2224    8.0979    9.8084   11.3191   12.5991   13.6225   14.3682     14.9722
   26.2500    0.0000    2.1231    4.2028    6.1970    8.0649    9.7685   11.2730   12.5478   13.5669   14.3097     14.9112
   26.3000    0.0000    2.1144    4.1857    6.1717    8.0320    9.7286   11.2270   12.4967   13.5117   14.2514     14.8504
   26.3500    0.0000    2.1058    4.1687    6.1466    7.9993    9.6890   11.1813   12.4457   13.4566   14.1933     14.7899
   26.4000    0.0000    2.0972    4.1517    6.1216    7.9667    9.6495   11.1357   12.3950   13.4018   14.1354     14.7296
   26.4500    0.0000    2.0887    4.1348    6.0966    7.9342    9.6102   11.0903   12.3445   13.3471   14.0778     14.6696
   26.5000    0.0000    2.0801    4.1179    6.0718    7.9019    9.5710   11.0451   12.2942   13.2928   14.0205     14.6098
   26.5500    0.0000    2.0717    4.1011    6.0470    7.8697    9.5320   11.0001   12.2441   13.2386   13.9633     14.5503
   26.6000    0.0000    2.0632    4.0844    6.0224    7.8376    9.4932   10.9553   12.1942   13.1846   13.9064     14.4910
   26.6500    0.0000    2.0548    4.0678    5.9978    7.8057    9.4545   10.9107   12.1445   13.1309   13.8498     14.4319
   26.7000    0.0000    2.0464    4.0512    5.9734    7.7739    9.4160   10.8662   12.0950   13.0774   13.7933     14.3731
   26.7500    0.0000    2.0381    4.0347    5.9490    7.7422    9.3776   10.8219   12.0457   13.0241   13.7371     14.3146
   26.8000    0.0000    2.0298    4.0182    5.9248    7.7106    9.3394   10.7778   11.9966   12.9710   13.6811     14.2562
   26.8500    0.0000    2.0215    4.0019    5.9007    7.6792    9.3013   10.7339   11.9478   12.9182   13.6254     14.1981
   26.9000    0.0000    2.0133    3.9856    5.8766    7.6479    9.2634   10.6901   11.8991   12.8655   13.5698     14.1403
   26.9500    0.0000    2.0051    3.9693    5.8527    7.6168    9.2257   10.6466   11.8506   12.8131   13.5145     14.0826
   27.0000    0.0000    1.9969    3.9531    5.8288    7.5857    9.1881   10.6032   11.8023   12.7609   13.4595     14.0253
   27.0500    0.0000    1.9888    3.9370    5.8051    7.5548    9.1506   10.5600   11.7542   12.7089   13.4046     13.9681
   27.1000    0.0000    1.9807    3.9210    5.7814    7.5240    9.1133   10.5170   11.7063   12.6571   13.3500     13.9112
   27.1500    0.0000    1.9726    3.9050    5.7578    7.4934    9.0762   10.4741   11.6586   12.6055   13.2956     13.8545
   27.2000    0.0000    1.9646    3.8891    5.7344    7.4628    9.0392   10.4314   11.6111   12.5541   13.2414     13.7980
   27.2500    0.0000    1.9566    3.8732    5.7110    7.4324    9.0024   10.3889   11.5638   12.5030   13.1874     13.7418
   27.3000    0.0000    1.9486    3.8575    5.6877    7.4021    8.9657   10.3466   11.5166   12.4520   13.1337     13.6858
   27.3500    0.0000    1.9406    3.8417    5.6646    7.3720    8.9292   10.3044   11.4697   12.4013   13.0802     13.6300
   27.4000    0.0000    1.9327    3.8261    5.6415    7.3419    8.8928   10.2624   11.4230   12.3507   13.0269     13.5745
   27.4500    0.0000    1.9249    3.8105    5.6185    7.3120    8.8565   10.2206   11.3764   12.3004   12.9738     13.5192
   27.5000    0.0000    1.9170    3.7950    5.5956    7.2822    8.8204   10.1789   11.3300   12.2503   12.9209     13.4641
   27.5500    0.0000    1.9092    3.7795    5.5728    7.2525    8.7845   10.1375   11.2839   12.2004   12.8683     13.4092
   27.6000    0.0000    1.9014    3.7641    5.5501    7.2230    8.7487   10.0961   11.2379   12.1506   12.8158     13.3546
   27.6500    0.0000    1.8937    3.7488    5.5275    7.1935    8.7130   10.0550   11.1921   12.1011   12.7636     13.3001
   27.7000    0.0000    1.8860    3.7335    5.5049    7.1642    8.6775   10.0140   11.1465   12.0518   12.7116     13.2459
   27.7500    0.0000    1.8783    3.7183    5.4825    7.1350    8.6422    9.9732   11.1011   12.0027   12.6598     13.1920
   27.8000    0.0000    1.8706    3.7031    5.4602    7.1059    8.6069    9.9326   11.0558   11.9538   12.6082     13.1382
   27.8500    0.0000    1.8630    3.6880    5.4379    7.0770    8.5719    9.8921   11.0108   11.9051   12.5568     13.0847
   27.9000    0.0000    1.8554    3.6730    5.4157    7.0482    8.5369    9.8518   10.9659   11.8566   12.5056     13.0313
   27.9500    0.0000    1.8478    3.6580    5.3937    7.0194    8.5022    9.8116   10.9212   11.8082   12.4547     12.9782
   28.0000    0.0000    1.8403    3.6431    5.3717    6.9908    8.4675    9.7717   10.8767   11.7601   12.4039     12.9253
   28.0500    0.0000    1.8328    3.6283    5.3498    6.9623    8.4330    9.7318   10.8324   11.7122   12.3534     12.8727
   28.1000    0.0000    1.8253    3.6135    5.3280    6.9340    8.3986    9.6922   10.7882   11.6645   12.3030     12.8202
   28.1500    0.0000    1.8179    3.5988    5.3063    6.9057    8.3644    9.6527   10.7443   11.6169   12.2529     12.7680
   28.2000    0.0000    1.8105    3.5841    5.2847    6.8776    8.3303    9.6133   10.7005   11.5696   12.2030     12.7159
   28.2500    0.0000    1.8031    3.5695    5.2631    6.8495    8.2964    9.5742   10.6569   11.5224   12.1532     12.6641
   28.3000    0.0000    1.7958    3.5549    5.2417    6.8216    8.2626    9.5352   10.6135   11.4755   12.1037     12.6125
   28.3500    0.0000    1.7884    3.5405    5.2203    6.7938    8.2289    9.4963   10.5702   11.4287   12.0544     12.5611
   28.4000    0.0000    1.7812    3.5260    5.1991    6.7661    8.1954    9.4576   10.5271   11.3822   12.0053     12.5099
   28.4500    0.0000    1.7739    3.5117    5.1779    6.7386    8.1620    9.4191   10.4842   11.3358   11.9563     12.4589
   28.5000    0.0000    1.7667    3.4973    5.1568    6.7111    8.1287    9.3807   10.4415   11.2896   11.9076     12.4082
   28.5500    0.0000    1.7595    3.4831    5.1357    6.6838    8.0956    9.3424   10.3989   11.2436   11.8591     12.3576
   28.6000    0.0000    1.7523    3.4689    5.1148    6.6565    8.0626    9.3044   10.3566   11.1977   11.8108     12.3072
   28.6500    0.0000    1.7452    3.4548    5.0940    6.6294    8.0297    9.2665   10.3144   11.1521   11.7626     12.2571
   28.7000    0.0000    1.7381    3.4407    5.0732    6.6024    7.9970    9.2287   10.2723   11.1067   11.7147     12.2071
   28.7500    0.0000    1.7310    3.4267    5.0525    6.5755    7.9644    9.1911   10.2305   11.0614   11.6670     12.1574
   28.8000    0.0000    1.7239    3.4127    5.0320    6.5487    7.9320    9.1536   10.1888   11.0163   11.6194     12.1079
   28.8500    0.0000    1.7169    3.3988    5.0114    6.5220    7.8996    9.1163   10.1473   10.9714   11.5721     12.0585
   28.9000    0.0000    1.7099    3.3849    4.9910    6.4954    7.8674    9.0792   10.1059   10.9267   11.5249     12.0094
   28.9500    0.0000    1.7029    3.3711    4.9707    6.4689    7.8354    9.0422   10.0647   10.8822   11.4779     11.9604
   29.0000    0.0000    1.6960    3.3574    4.9504    6.4426    7.8035    9.0053   10.0237   10.8379   11.4312     11.9117
   29.0500    0.0000    1.6891    3.3437    4.9303    6.4163    7.7717    8.9686    9.9829   10.7937   11.3846     11.8631
   29.1000    0.0000    1.6822    3.3301    4.9102    6.3902    7.7400    8.9321    9.9422   10.7497   11.3382     11.8148
   29.1500    0.0000    1.6753    3.3165    4.8902    6.3641    7.7084    8.8957    9.9017   10.7059   11.2920     11.7667
   29.2000    0.0000    1.6685    3.3030    4.8702    6.3382    7.6770    8.8594    9.8613   10.6623   11.2460     11.7187
   29.2500    0.0000    1.6617    3.2896    4.8504    6.3124    7.6457    8.8233    9.8211   10.6188   11.2001     11.6710
   29.3000    0.0000    1.6549    3.2762    4.8306    6.2866    7.6146    8.7874    9.7811   10.5755   11.1545     11.6234
   29.3500    0.0000    1.6482    3.2628    4.8109    6.2610    7.5836    8.7516    9.7412   10.5324   11.1090     11.5760
   29.4000    0.0000    1.6415    3.2495    4.7913    6.2355    7.5526    8.7159    9.7015   10.4895   11.0638     11.5288
   29.4500    0.0000    1.6348    3.2363    4.7718    6.2101    7.5219    8.6804    9.6620   10.4468   11.0187     11.4819
   29.5000    0.0000    1.6281    3.2231    4.7524    6.1848    7.4912    8.6450    9.6226   10.4042   10.9738     11.4351
   29.5500    0.0000    1.6215    3.2099    4.7330    6.1596    7.4607    8.6098    9.5834   10.3618   10.9291     11.3885
   29.6000    0.0000    1.6149    3.1969    4.7137    6.1345    7.4303    8.5747    9.5444   10.3196   10.8845     11.3421
   29.6500    0.0000    1.6083    3.1838    4.6945    6.1095    7.4000    8.5397    9.5055   10.2775   10.8402     11.2958
   29.7000    0.0000    1.6017    3.1709    4.6754    6.0846    7.3699    8.5049    9.4667   10.2356   10.7960     11.2498
   29.7500    0.0000    1.5952    3.1579    4.6563    6.0598    7.3398    8.4703    9.4282   10.1939   10.7520     11.2040
   29.8000    0.0000    1.5887    3.1451    4.6373    6.0351    7.3099    8.4358    9.3897   10.1524   10.7082     11.1583
   29.8500    0.0000    1.5822    3.1322    4.6184    6.0105    7.2801    8.4014    9.3515   10.1110   10.6645     11.1128
   29.9000    0.0000    1.5758    3.1195    4.5996    5.9860    7.2505    8.3672    9.3134   10.0698   10.6211     11.0676
   29.9500    0.0000    1.5694    3.1068    4.5809    5.9616    7.2209    8.3331    9.2754   10.0288   10.5778     11.0225
   30.0000    0.0000    1.5630    3.0941    4.5622    5.9373    7.1915    8.2991    9.2376    9.9879   10.5347     10.9775
