    0.0000     0.0000   100.0000   100.0000   100.0000   100.0000   100.0000   100.0000   100.0000   100.0000   100.0000   100.0000
    0.0500     0.0000    83.4165    98.4515    99.9004    99.9951    99.9998   100.0000   100.0000   100.0000   100.0000   100.0000
    0.1000     0.0000    71.8648    95.1049    99.3938    99.9421    99.9955    99.9997   100.0000   100.0000   100.0000   100.0000
    0.1500     0.0000    63.5039    91.1316    98.4192    99.7794    99.9748    99.9976    99.9998   100.0000   100.0000   100.0000
    0.2000     0.0000    57.2335    87.0894    97.0603    99.4682    99.9206    99.9899    99.9989    99.9999   100.0000   100.0000
    0.2500     0.0000    52.3778    83.2286    95.4316    98.9973    99.8168    99.9714    99.9961    99.9995    99.9999   100.0000
    0.3000     0.0000    48.5103    79.6473    93.6362    98.3748    99.6516    99.9359    99.9897    99.9985    99.9998   100.0000
    0.3500     0.0000    45.3543    76.3702    91.7544    97.6200    99.4185    99.8774    99.9773    99.9963    99.9994   100.0001
    0.4000     0.0000    42.7248    73.3883    89.8448    96.7561    99.1159    99.7908    99.9564    99.9919    99.9986   100.0002
    0.4500     0.0000    40.4949    70.6784    87.9472    95.8070    98.7458    99.6726    99.9244    99.9844    99.9971   100.0004
    0.5000     0.0000    38.5753    68.2130    86.0881    94.7945    98.3130    99.5203    99.8789    99.9726    99.9944   100.0007
    0.5500     0.0000    36.9016    65.9645    84.2839    93.7376    97.8236    99.3330    99.8178    99.9552    99.9901   100.0010
    0.6000     0.0000    35.4262    63.9076    82.5441    92.6522    97.2847    99.1107    99.7395    99.9312    99.9836   100.0013
    0.6500     0.0000    34.1133    62.0195    80.8735    91.5512    96.7034    98.8545    99.6427    99.8992    99.9742   100.0015
    0.7000     0.0000    32.9353    60.2805    79.2737    90.4450    96.0865    98.5661    99.5266    99.8583    99.9615   100.0013
    0.7500     0.0000    31.8709    58.6734    77.7443    89.3417    95.4407    98.2477    99.3911    99.8075    99.9447   100.0005
    0.8000     0.0000    30.9029    57.1833    76.2836    88.2475    94.7716    97.9015    99.2359    99.7463    99.9232    99.9990
    0.8500     0.0000    30.0178    55.7974    74.8889    87.1671    94.0846    97.5303    99.0616    99.6740    99.8965    99.9962
    0.9000     0.0000    29.2043    54.5046    73.5572    86.1042    93.3843    97.1366    98.8686    99.5902    99.8640    99.9919
    0.9500     0.0000    28.4534    53.2953    72.2855    85.0611    92.6747    96.7230    98.6577    99.4948    99.8252    99.9857
    1.0000     0.0000    27.7574    52.1613    71.0703    84.0398    91.9593    96.2920    98.4299    99.3876    99.7798    99.9770
    1.0500     0.0000    27.1100    51.0952    69.9086    83.0414    91.2409    95.8459    98.1860    99.2686    99.7274    99.9655
    1.1000     0.0000    26.5058    50.0906    68.7971    82.0667    90.5222    95.3868    97.9272    99.1381    99.6677    99.9507
    1.1500     0.0000    25.9402    49.1421    67.7329    81.1159    89.8052    94.9168    97.6546    98.9962    99.6004    99.9322
    1.2000     0.0000    25.4093    48.2446    66.7131    80.1892    89.0917    94.4378    97.3691    98.8432    99.5255    99.9095
    1.2500     0.0000    24.9096    47.3940    65.7351    79.2864    88.3831    93.9514    97.0720    98.6796    99.4427    99.8822
    1.3000     0.0000    24.4383    46.5861    64.7963    78.4072    87.6807    93.4592    96.7643    98.5056    99.3520    99.8500
    1.3500     0.0000    23.9926    45.8178    63.8946    77.5513    86.9854    92.9625    96.4469    98.3218    99.2535    99.8124
    1.4000     0.0000    23.5705    45.0858    63.0276    76.7180    86.2981    92.4625    96.1208    98.1285    99.1470    99.7692
    1.4500     0.0000    23.1699    44.3875    62.1934    75.9069    85.6193    91.9604    95.7869    97.9263    99.0327    99.7200
    1.5000     0.0000    22.7891    43.7204    61.3901    75.1174    84.9497    91.4570    95.4462    97.7155    98.9106    99.6646
    1.5500     0.0000    22.4263    43.0822    60.6159    74.3487    84.2895    90.9534    95.0993    97.4967    98.7809    99.6028
    1.6000     0.0000    22.0804    42.4709    59.8692    73.6003    83.6390    90.4501    94.7470    97.2703    98.6436    99.5344
    1.6500     0.0000    21.7500    41.8847    59.1485    72.8715    82.9985    89.9479    94.3901    97.0368    98.4989    99.4592
    1.7000     0.0000    21.4339    41.3220    58.4524    72.1617    82.3680    89.4474    94.0291    96.7966    98.3469    99.3772
    1.7500     0.0000    21.1313    40.7812    57.7796    71.4701    81.7477    88.9490    93.6646    96.5501    98.1879    99.2882
    1.8000     0.0000    20.8411    40.2610    57.1289    70.7963    81.1375    88.4532    93.2972    96.2977    98.0219    99.1921
    1.8500     0.0000    20.5625    39.7600    56.4991    70.1395    80.5375    87.9604    92.9273    96.0397    97.8493    99.0890
    1.9000     0.0000    20.2948    39.2772    55.8891    69.4991    79.9475    87.4709    92.5555    95.7767    97.6701    98.9788
    1.9500     0.0000    20.0373    38.8115    55.2980    68.8746    79.3675    86.9850    92.1821    95.5088    97.4846    98.8616
    2.0000     0.0000    19.7894    38.3618    54.7248    68.2654    78.7973    86.5028    91.8075    95.2364    97.2929    98.7374
    2.0500     0.0000    19.5504    37.9274    54.1687    67.6710    78.2369    86.0247    91.4319    94.9599    97.0954    98.6062
    2.1000     0.0000    19.3199    37.5073    53.6289    67.0907    77.6860    85.5507    91.0558    94.6795    96.8921    98.4682
    2.1500     0.0000    19.0973    37.1008    53.1046    66.5242    77.1446    85.0809    90.6794    94.3955    96.6832    98.3233
    2.2000     0.0000    18.8822    36.7072    52.5950    65.9709    76.6123    84.6155    90.3030    94.1082    96.4691    98.1719
    2.2500     0.0000    18.6742    36.3257    52.0996    65.4303    76.0892    84.1546    89.9266    93.8178    96.2498    98.0138
    2.3000     0.0000    18.4730    35.9559    51.6176    64.9020    75.5749    83.6982    89.5507    93.5246    96.0256    97.8494
    2.3500     0.0000    18.2781    35.5971    51.1485    64.3855    75.0693    83.2463    89.1753    93.2287    95.7966    97.6786
    2.4000     0.0000    18.0892    35.2487    50.6917    63.8805    74.5721    82.7990    88.8005    92.9304    95.5631    97.5017
    2.4500     0.0000    17.9061    34.9103    50.2466    63.3865    74.0833    82.3562    88.4266    92.6299    95.3252    97.3188
    2.5000     0.0000    17.7284    34.5814    49.8129    62.9031    73.6025    81.9180    88.0537    92.3273    95.0831    97.1301
    2.5500     0.0000    17.5559    34.2616    49.3900    62.4300    73.1297    81.4843    87.6818    92.0228    94.8370    96.9358
    2.6000     0.0000    17.3883    33.9504    48.9774    61.9669    72.6645    81.0551    87.3111    91.7166    94.5871    96.7359
    2.6500     0.0000    17.2253    33.6474    48.5748    61.5132    72.2068    80.6304    86.9417    91.4089    94.3335    96.5307
    2.7000     0.0000    17.0669    33.3524    48.1817    61.0688    71.7564    80.2102    86.5735    91.0997    94.0765    96.3203
    2.7500     0.0000    16.9127    33.0648    47.7978    60.6333    71.3132    79.7943    86.2068    90.7892    93.8160    96.1049
    2.8000     0.0000    16.7626    32.7846    47.4226    60.2064    70.8769    79.3827    85.8415    90.4775    93.5524    95.8847
    2.8500     0.0000    16.6164    32.5112    47.0560    59.7879    70.4473    78.9754    85.4777    90.1648    93.2858    95.6598
    2.9000     0.0000    16.4739    32.2445    46.6974    59.3773    70.0243    78.5723    85.1154    89.8511    93.0163    95.4304
    2.9500     0.0000    16.3350    31.9841    46.3467    58.9746    69.6077    78.1734    84.7547    89.5366    92.7440    95.1967
    3.0000     0.0000    16.1995    31.7298    46.0034    58.5793    69.1973    77.7786    84.3956    89.2214    92.4691    94.9588
    3.0500     0.0000    16.0673    31.4813    45.6674    58.1913    68.7929    77.3877    84.0382    88.9055    92.1918    94.7169
    3.1000     0.0000    15.9382    31.2385    45.3384    57.8104    68.3945    77.0008    83.6824    88.5890    91.9122    94.4712
    3.1500     0.0000    15.8121    31.0011    45.0162    57.4362    68.0018    76.6178    83.3282    88.2721    91.6303    94.2217
    3.2000     0.0000    15.6889    30.7689    44.7004    57.0685    67.6146    76.2385    82.9758    87.9548    91.3464    93.9688
    3.2500     0.0000    15.5685    30.5416    44.3908    56.7072    67.2329    75.8630    82.6250    87.6371    91.0605    93.7124
    3.3000     0.0000    15.4507    30.3192    44.0872    56.3521    66.8564    75.4912    82.2759    87.3192    90.7727    93.4529
    3.3500     0.0000    15.3355    30.1014    43.7895    56.0029    66.4850    75.1230    81.9285    87.0012    90.4832    93.1902
    3.4000     0.0000    15.2228    29.8881    43.4973    55.6595    66.1187    74.7582    81.5827    86.6830    90.1920    92.9246
    3.4500     0.0000    15.1125    29.6790    43.2106    55.3216    65.7572    74.3969    81.2387    86.3647    89.8994    92.6562
    3.5000     0.0000    15.0044    29.4740    42.9291    54.9892    65.4004    74.0390    80.8964    86.0464    89.6053    92.3851
    3.5500     0.0000    14.8985    29.2731    42.6526    54.6620    65.0481    73.6844    80.5558    85.7282    89.3098    92.1115
    3.6000     0.0000    14.7948    29.0760    42.3809    54.3399    64.7003    73.3330    80.2168    85.4101    89.0131    91.8354
    3.6500     0.0000    14.6931    28.8826    42.1141    54.0226    64.3569    72.9848    79.8796    85.0922    88.7153    91.5571
    3.7000     0.0000    14.5933    28.6927    41.8517    53.7101    64.0178    72.6397    79.5440    84.7744    88.4164    91.2766
    3.7500     0.0000    14.4955    28.5063    41.5938    53.4022    63.6827    72.2977    79.2100    84.4568    88.1166    90.9940
    3.8000     0.0000    14.3995    28.3233    41.3401    53.0989    63.3515    71.9587    78.8777    84.1396    87.8158    90.7095
    3.8500     0.0000    14.3052    28.1435    41.0905    52.7998    63.0243    71.6225    78.5471    83.8226    87.5142    90.4232
    3.9000     0.0000    14.2127    27.9668    40.8450    52.5049    62.7010    71.2892    78.2181    83.5060    87.2119    90.1351
    3.9500     0.0000    14.1218    27.7930    40.6033    52.2141    62.3813    70.9587    77.8908    83.1898    86.9089    89.8455
    4.0000     0.0000    14.0325    27.6223    40.3652    51.9273    62.0651    70.6310    77.5649    82.8740    86.6053    89.5543
    4.0500     0.0000    13.9447    27.4543    40.1308    51.6444    61.7524    70.3060    77.2407    82.5587    86.3011    89.2617
    4.1000     0.0000    13.8584    27.2890    39.9000    51.3651    61.4432    69.9835    76.9182    82.2438    85.9965    88.9678
    4.1500     0.0000    13.7736    27.1264    39.6725    51.0895    61.1373    69.6636    76.5972    81.9295    85.6915    88.6726
    4.2000     0.0000    13.6901    26.9663    39.4483    50.8174    60.8346    69.3463    76.2777    81.6157    85.3861    88.3763
    4.2500     0.0000    13.6080    26.8087    39.2273    50.5487    60.5351    69.0315    75.9598    81.3025    85.0804    88.0789
    4.3000     0.0000    13.5272    26.6534    39.0094    50.2833    60.2386    68.7191    75.6434    80.9898    84.7745    87.7806
    4.3500     0.0000    13.4476    26.5005    38.7945    50.0212    59.9452    68.4090    75.3286    80.6778    84.4684    87.4813
    4.4000     0.0000    13.3693    26.3498    38.5825    49.7622    59.6546    68.1013    75.0153    80.3664    84.1621    87.1813
    4.4500     0.0000    13.2921    26.2013    38.3733    49.5063    59.3668    67.7959    74.7034    80.0557    83.8558    86.8805
    4.5000     0.0000    13.2161    26.0549    38.1668    49.2532    59.0819    67.4927    74.3931    79.7456    83.5495    86.5790
    4.5500     0.0000    13.1412    25.9105    37.9631    49.0031    58.7997    67.1917    74.0843    79.4362    83.2431    86.2768
    4.6000     0.0000    13.0674    25.7682    37.7619    48.7558    58.5201    66.8929    73.7769    79.1276    82.9368    85.9742
    4.6500     0.0000    12.9946    25.6277    37.5631    48.5113    58.2430    66.5962    73.4709    78.8197    82.6306    85.6711
    4.7000     0.0000    12.9228    25.4891    37.3668    48.2693    57.9685    66.3016    73.1664    78.5125    82.3246    85.3675
    4.7500     0.0000    12.8520    25.3523    37.1730    48.0299    57.6966    66.0089    72.8634    78.2061    82.0187    85.0636
    4.8000     0.0000    12.7821    25.2172    36.9814    47.7931    57.4270    65.7183    72.5618    77.9004    81.7131    84.7594
    4.8500     0.0000    12.7132    25.0839    36.7920    47.5587    57.1596    65.4297    72.2615    77.5956    81.4076    84.4550
    4.9000     0.0000    12.6451    24.9522    36.6048    47.3268    56.8945    65.1431    71.9626    77.2916    81.1024    84.1503
    4.9500     0.0000    12.5779    24.8221    36.4197    47.0971    56.6318    64.8582    71.6652    76.9884    80.7976    83.8456
    5.0000     0.0000    12.5116    24.6935    36.2367    46.8696    56.3713    64.5752    71.3692    76.6860    80.4932    83.5407
    5.0500     0.0000    12.4461    24.5665    36.0557    46.6444    56.1128    64.2941    71.0745    76.3845    80.1891    83.2358
    5.1000     0.0000    12.3813    24.4410    35.8765    46.4215    55.8564    64.0148    70.7810    76.0838    79.8853    82.9308
    5.1500     0.0000    12.3174    24.3169    35.6993    46.2005    55.6021    63.7373    70.4890    75.7840    79.5821    82.6260
    5.2000     0.0000    12.2542    24.1941    35.5240    45.9816    55.3499    63.4614    70.1984    75.4850    79.2793    82.3212
    5.2500     0.0000    12.1917    24.0728    35.3505    45.7647    55.0995    63.1873    69.9090    75.1870    78.9770    82.0165
    5.3000     0.0000    12.1299    23.9528    35.1786    45.5498    54.8510    62.9149    69.6209    74.8898    78.6752    81.7120
    5.3500     0.0000    12.0689    23.8340    35.0085    45.3368    54.6045    62.6442    69.3342    74.5936    78.3739    81.4077
    5.4000     0.0000    12.0085    23.7165    34.8401    45.1256    54.3598    62.3750    69.0487    74.2982    78.0732    81.1037
    5.4500     0.0000    11.9487    23.6002    34.6733    44.9162    54.1169    62.1075    68.7645    74.0038    77.7731    80.7999
    5.5000     0.0000    11.8896    23.4851    34.5080    44.7087    53.8758    61.8416    68.4816    73.7102    77.4735    80.4964
    5.5500     0.0000    11.8311    23.3712    34.3443    44.5028    53.6364    61.5772    68.1999    73.4176    77.1746    80.1933
    5.6000     0.0000    11.7732    23.2583    34.1822    44.2987    53.3987    61.3143    67.9196    73.1259    76.8764    79.8905
    5.6500     0.0000    11.7159    23.1466    34.0214    44.0962    53.1626    61.0530    67.6404    72.8352    76.5787    79.5881
    5.7000     0.0000    11.6591    23.0360    33.8621    43.8954    52.9282    60.7932    67.3625    72.5455    76.2818    79.2862
    5.7500     0.0000    11.6029    22.9264    33.7042    43.6961    52.6954    60.5348    67.0858    72.2566    75.9855    78.9847
    5.8000     0.0000    11.5473    22.8177    33.5477    43.4983    52.4642    60.2778    66.8104    71.9687    75.6900    78.6837
    5.8500     0.0000    11.4922    22.7101    33.3925    43.3021    52.2346    60.0223    66.5362    71.6817    75.3952    78.3832
    5.9000     0.0000    11.4376    22.6035    33.2386    43.1074    52.0064    59.7682    66.2631    71.3958    75.1010    78.0832
    5.9500     0.0000    11.3835    22.4978    33.0859    42.9142    51.7796    59.5156    65.9912    71.1108    74.8077    77.7838
    6.0000     0.0000    11.3299    22.3930    32.9346    42.7224    51.5545    59.2642    65.7206    70.8268    74.5151    77.4849
    6.0500     0.0000    11.2768    22.2891    32.7845    42.5319    51.3308    59.0142    65.4512    70.5436    74.2233    77.1866
    6.1000     0.0000    11.2242    22.1862    32.6355    42.3428    51.1084    58.7655    65.1829    70.2616    73.9323    76.8890
    6.1500     0.0000    11.1719    22.0841    32.4877    42.1552    50.8874    58.5183    64.9157    69.9805    73.6420    76.5919
    6.2000     0.0000    11.1202    21.9828    32.3410    41.9688    50.6678    58.2722    64.6497    69.7003    73.3526    76.2956
    6.2500     0.0000    11.0689    21.8823    32.1955    41.7836    50.4496    58.0274    64.3850    69.4211    73.0640    75.9998
    6.3000     0.0000    11.0180    21.7826    32.0511    41.5998    50.2327    57.7840    64.1213    69.1429    72.7762    75.7048
    6.3500     0.0000    10.9675    21.6838    31.9076    41.4172    50.0170    57.5418    63.8587    68.8658    72.4893    75.4105
    6.4000     0.0000    10.9175    21.5857    31.7653    41.2359    49.8026    57.3009    63.5973    68.5896    72.2032    75.1168
    6.4500     0.0000    10.8678    21.4883    31.6240    41.0557    49.5896    57.0611    63.3371    68.3143    71.9179    74.8239
    6.5000     0.0000    10.8186    21.3917    31.4837    40.8767    49.3777    56.8226    63.0779    68.0401    71.6336    74.5318
    6.5500     0.0000    10.7697    21.2959    31.3444    40.6989    49.1671    56.5853    62.8198    67.7668    71.3500    74.2404
    6.6000     0.0000    10.7212    21.2007    31.2061    40.5222    48.9577    56.3491    62.5628    67.4946    71.0674    73.9498
    6.6500     0.0000    10.6730    21.1062    31.0687    40.3466    48.7495    56.1142    62.3070    67.2233    70.7856    73.6599
    6.7000     0.0000    10.6252    21.0124    30.9323    40.1722    48.5424    55.8804    62.0522    66.9530    70.5047    73.3708
    6.7500     0.0000    10.5778    20.9193    30.7967    39.9988    48.3365    55.6477    61.7985    66.6837    70.2247    73.0826
    6.8000     0.0000    10.5307    20.8268    30.6621    39.8265    48.1318    55.4162    61.5459    66.4154    69.9456    72.7951
    6.8500     0.0000    10.4840    20.7349    30.5284    39.6552    47.9282    55.1858    61.2944    66.1480    69.6675    72.5085
    6.9000     0.0000    10.4375    20.6437    30.3955    39.4849    47.7257    54.9566    61.0440    65.8817    69.3902    72.2227
    6.9500     0.0000    10.3914    20.5532    30.2634    39.3157    47.5242    54.7284    60.7945    65.6163    69.1138    71.9377
    7.0000     0.0000    10.3456    20.4632    30.1322    39.1475    47.3239    54.5014    60.5462    65.3520    68.8383    71.6536
    7.0500     0.0000    10.3002    20.3738    30.0019    38.9802    47.1246    54.2754    60.2989    65.0886    68.5638    71.3703
    7.1000     0.0000    10.2550    20.2849    29.8724    38.8138    46.9265    54.0504    60.0527    64.8262    68.2902    71.0879
    7.1500     0.0000    10.2102    20.1967    29.7436    38.6485    46.7293    53.8266    59.8075    64.5648    68.0175    70.8063
    7.2000     0.0000    10.1656    20.1091    29.6156    38.4842    46.5331    53.6038    59.5633    64.3044    67.7458    70.5257
    7.2500     0.0000    10.1213    20.0219    29.4884    38.3207    46.3380    53.3821    59.3201    64.0449    67.4749    70.2459
    7.3000     0.0000    10.0773    19.9354    29.3620    38.1581    46.1439    53.1614    59.0780    63.7864    67.2051    69.9670
    7.3500     0.0000    10.0336    19.8493    29.2362    37.9965    45.9507    52.9417    58.8369    63.5290    66.9361    69.6890
    7.4000     0.0000     9.9902    19.7638    29.1113    37.8357    45.7585    52.7231    58.5968    63.2725    66.6681    69.4119
    7.4500     0.0000     9.9470    19.6788    28.9870    37.6758    45.5674    52.5054    58.3577    63.0169    66.4010    69.1357
    7.5000     0.0000     9.9041    19.5944    28.8635    37.5168    45.3772    52.2887    58.1196    62.7624    66.1349    68.8604
    7.5500     0.0000     9.8615    19.5104    28.7407    37.3586    45.1879    52.0731    57.8825    62.5088    65.8697    68.5860
    7.6000     0.0000     9.8191    19.4269    28.6186    37.2013    44.9995    51.8584    57.6463    62.2562    65.6054    68.3125
    7.6500     0.0000     9.7770    19.3439    28.4971    37.0448    44.8121    51.6447    57.4112    62.0045    65.3421    68.0399
    7.7000     0.0000     9.7351    19.2614    28.3764    36.8891    44.6257    51.4320    57.1771    61.7539    65.0797    67.7683
    7.7500     0.0000     9.6935    19.1794    28.2563    36.7343    44.4401    51.2202    56.9439    61.5042    64.8183    67.4976
    7.8000     0.0000     9.6521    19.0978    28.1368    36.5803    44.2554    51.0094    56.7117    61.2554    64.5578    67.2278
    7.8500     0.0000     9.6109    19.0167    28.0180    36.4270    44.0716    50.7996    56.4804    61.0077    64.2983    66.9589
    7.9000     0.0000     9.5700    18.9360    27.8999    36.2745    43.8887    50.5906    56.2502    60.7608    64.0398    66.6910
    7.9500     0.0000     9.5293    18.8558    27.7824    36.1228    43.7067    50.3826    56.0209    60.5149    63.7822    66.4240
    8.0000     0.0000     9.4889    18.7760    27.6655    35.9718    43.5255    50.1755    55.7925    60.2700    63.5255    66.1579
    8.0500     0.0000     9.4486    18.6967    27.5491    35.8217    43.3452    49.9694    55.5651    60.0261    63.2697    65.8928
    8.1000     0.0000     9.4086    18.6178    27.4335    35.6723    43.1658    49.7642    55.3386    59.7831    63.0149    65.6286
    8.1500     0.0000     9.3689    18.5393    27.3184    35.5235    42.9872    49.5598    55.1131    59.5410    62.7611    65.3654
    8.2000     0.0000     9.3293    18.4612    27.2039    35.3756    42.8094    49.3564    54.8885    59.2999    62.5082    65.1031
    8.2500     0.0000     9.2899    18.3836    27.0900    35.2284    42.6324    49.1539    54.6648    59.0598    62.2562    64.8417
    8.3000     0.0000     9.2508    18.3063    26.9767    35.0819    42.4563    48.9522    54.4421    58.8206    62.0052    64.5813
    8.3500     0.0000     9.2118    18.2295    26.8640    34.9361    42.2810    48.7514    54.2203    58.5823    61.7552    64.3218
    8.4000     0.0000     9.1731    18.1531    26.7518    34.7910    42.1065    48.5516    53.9994    58.3449    61.5061    64.0632
    8.4500     0.0000     9.1346    18.0770    26.6401    34.6466    41.9328    48.3526    53.7794    58.1085    61.2579    63.8056
    8.5000     0.0000     9.0962    18.0013    26.5291    34.5029    41.7599    48.1544    53.5603    57.8730    61.0106    63.5490
    8.5500     0.0000     9.0581    17.9261    26.4186    34.3599    41.5878    47.9571    53.3421    57.6384    60.7643    63.2933
    8.6000     0.0000     9.0202    17.8512    26.3086    34.2175    41.4165    47.7607    53.1248    57.4048    60.5190    63.0385
    8.6500     0.0000     8.9824    17.7767    26.1992    34.0759    41.2459    47.5651    52.9084    57.1721    60.2745    62.7847
    8.7000     0.0000     8.9449    17.7025    26.0903    33.9349    41.0761    47.3704    52.6929    56.9403    60.0310    62.5318
    8.7500     0.0000     8.9075    17.6287    25.9819    33.7945    40.9071    47.1764    52.4784    56.7094    59.7885    62.2798
    8.8000     0.0000     8.8704    17.5553    25.8741    33.6548    40.7389    46.9833    52.2647    56.4795    59.5468    62.0288
    8.8500     0.0000     8.8334    17.4822    25.7667    33.5158    40.5713    46.7911    52.0518    56.2504    59.3061    61.7787
    8.9000     0.0000     8.7966    17.4095    25.6599    33.3774    40.4045    46.5997    51.8398    56.0223    59.0663    61.5296
    8.9500     0.0000     8.7599    17.3372    25.5536    33.2397    40.2385    46.4091    51.6287    55.7951    58.8275    61.2814
    9.0000     0.0000     8.7235    17.2652    25.4478    33.1025    40.0733    46.2193    51.4185    55.5687    58.5896    61.0341
    9.0500     0.0000     8.6872    17.1935    25.3425    32.9660    39.9087    46.0303    51.2092    55.3433    58.3525    60.7878
    9.1000     0.0000     8.6511    17.1222    25.2376    32.8302    39.7448    45.8422    51.0006    55.1188    58.1164    60.5424
    9.1500     0.0000     8.6152    17.0513    25.1333    32.6949    39.5817    45.6548    50.7930    54.8951    57.8813    60.2980
    9.2000     0.0000     8.5795    16.9806    25.0295    32.5602    39.4194    45.4682    50.5862    54.6724    57.6470    60.0545
    9.2500     0.0000     8.5439    16.9103    24.9261    32.4262    39.2577    45.2824    50.3803    54.4505    57.4136    59.8119
    9.3000     0.0000     8.5085    16.8404    24.8232    32.2928    39.0967    45.0975    50.1752    54.2295    57.1812    59.5702
    9.3500     0.0000     8.4732    16.7707    24.7208    32.1599    38.9364    44.9132    49.9709    54.0094    56.9497    59.3295
    9.4000     0.0000     8.4382    16.7014    24.6188    32.0277    38.7768    44.7298    49.7675    53.7902    56.7191    59.0896
    9.4500     0.0000     8.4033    16.6324    24.5174    31.8960    38.6179    44.5471    49.5649    53.5719    56.4893    58.8507
    9.5000     0.0000     8.3685    16.5637    24.4163    31.7650    38.4597    44.3652    49.3631    53.3544    56.2605    58.6128
    9.5500     0.0000     8.3339    16.4954    24.3157    31.6345    38.3022    44.1841    49.1622    53.1378    56.0326    58.3757
    9.6000     0.0000     8.2995    16.4273    24.2157    31.5046    38.1454    44.0037    48.9621    52.9221    55.8055    58.1396
    9.6500     0.0000     8.2653    16.3596    24.1160    31.3752    37.9893    43.8241    48.7629    52.7072    55.5794    57.9044
    9.7000     0.0000     8.2311    16.2921    24.0168    31.2465    37.8338    43.6453    48.5644    52.4932    55.3542    57.6701
    9.7500     0.0000     8.1972    16.2250    23.9180    31.1183    37.6789    43.4672    48.3667    52.2801    55.1298    57.4367
    9.8000     0.0000     8.1634    16.1582    23.8197    30.9906    37.5248    43.2898    48.1699    52.0678    54.9063    57.2042
    9.8500     0.0000     8.1298    16.0917    23.7218    30.8635    37.3713    43.1132    47.9739    51.8563    54.6837    56.9726
    9.9000     0.0000     8.0963    16.0255    23.6244    30.7370    37.2185    42.9373    47.7786    51.6457    54.4620    56.7419
    9.9500     0.0000     8.0629    15.9596    23.5273    30.6111    37.0662    42.7622    47.5842    51.4360    54.2412    56.5121
   10.0000     0.0000     8.0297    15.8939    23.4307    30.4856    36.9147    42.5877    47.3905    51.2271    54.0212    56.2833
   10.0500     0.0000     7.9967    15.8286    23.3346    30.3607    36.7638    42.4140    47.1977    51.0190    53.8021    56.0553
   10.1000     0.0000     7.9638    15.7636    23.2388    30.2364    36.6136    42.2411    47.0056    50.8118    53.5839    55.8282
   10.1500     0.0000     7.9311    15.6988    23.1435    30.1126    36.4639    42.0689    46.8143    50.6054    53.3666    55.6020
   10.2000     0.0000     7.8985    15.6343    23.0486    29.9893    36.3150    41.8973    46.6238    50.3998    53.1501    55.3767
   10.2500     0.0000     7.8660    15.5701    22.9541    29.8665    36.1666    41.7265    46.4341    50.1951    52.9345    55.1523
   10.3000     0.0000     7.8337    15.5063    22.8600    29.7443    36.0189    41.5564    46.2452    49.9912    52.7197    54.9287
   10.3500     0.0000     7.8015    15.4426    22.7663    29.6227    35.8718    41.3870    46.0570    49.7881    52.5058    54.7061
   10.4000     0.0000     7.7695    15.3793    22.6730    29.5015    35.7253    41.2184    45.8696    49.5858    52.2927    54.4843
   10.4500     0.0000     7.7377    15.3162    22.5802    29.3808    35.5795    41.0503    45.6830    49.3844    52.0805    54.2634
   10.5000     0.0000     7.7059    15.2534    22.4878    29.2606    35.4343    40.8830    45.4971    49.1837    51.8691    54.0434
   10.5500     0.0000     7.6743    15.1909    22.3957    29.1410    35.2896    40.7164    45.3120    48.9839    51.6586    53.8242
   10.6000     0.0000     7.6428    15.1287    22.3040    29.0219    35.1455    40.5505    45.1276    48.7849    51.4489    53.6060
   10.6500     0.0000     7.6115    15.0667    22.2127    28.9033    35.0021    40.3853    44.9440    48.5866    51.2401    53.3885
   10.7000     0.0000     7.5803    15.0050    22.1218    28.7852    34.8593    40.2207    44.7612    48.3892    51.0321    53.1720
   10.7500     0.0000     7.5493    14.9436    22.0313    28.6676    34.7171    40.0569    44.5791    48.1926    50.8249    52.9563
   10.8000     0.0000     7.5183    14.8824    21.9412    28.5505    34.5754    39.8937    44.3977    47.9967    50.6186    52.7415
   10.8500     0.0000     7.4875    14.8215    21.8515    28.4339    34.4344    39.7312    44.2171    47.8017    50.4130    52.5275
   10.9000     0.0000     7.4569    14.7608    21.7622    28.3177    34.2940    39.5693    44.0372    47.6074    50.2084    52.3143
   10.9500     0.0000     7.4264    14.7004    21.6732    28.2021    34.1541    39.4082    43.8580    47.4140    50.0045    52.1021
   11.0000     0.0000     7.3960    14.6403    21.5846    28.0870    34.0148    39.2477    43.6796    47.2213    49.8014    51.8906
   11.0500     0.0000     7.3657    14.5804    21.4964    27.9723    33.8761    39.0878    43.5019    47.0294    49.5992    51.6800
   11.1000     0.0000     7.3356    14.5208    21.4086    27.8581    33.7380    38.9286    43.3250    46.8382    49.3978    51.4703
   11.1500     0.0000     7.3056    14.4614    21.3211    27.7444    33.6004    38.7701    43.1487    46.6478    49.1971    51.2614
   11.2000     0.0000     7.2757    14.4023    21.2340    27.6312    33.4634    38.6122    42.9731    46.4583    48.9973    51.0533
   11.2500     0.0000     7.2459    14.3435    21.1473    27.5185    33.3270    38.4550    42.7983    46.2694    48.7983    50.8461
   11.3000     0.0000     7.2163    14.2848    21.0610    27.4062    33.1912    38.2984    42.6242    46.0814    48.6001    50.6396
   11.3500     0.0000     7.1868    14.2265    20.9750    27.2943    33.0559    38.1424    42.4509    45.8940    48.4027    50.4340
   11.4000     0.0000     7.1575    14.1684    20.8893    27.1830    32.9212    37.9871    42.2782    45.7075    48.2061    50.2293
   11.4500     0.0000     7.1282    14.1105    20.8040    27.0722    32.7870    37.8325    42.1062    45.5217    48.0102    50.0253
   11.5000     0.0000     7.0991    14.0529    20.7191    26.9617    32.6534    37.6784    41.9349    45.3367    47.8152    49.8222
   11.5500     0.0000     7.0701    13.9955    20.6346    26.8518    32.5204    37.5250    41.7643    45.1524    47.6209    49.6199
   11.6000     0.0000     7.0412    13.9384    20.5504    26.7423    32.3878    37.3723    41.5944    44.9689    47.4275    49.4184
   11.6500     0.0000     7.0125    13.8815    20.4665    26.6332    32.2559    37.2201    41.4252    44.7861    47.2348    49.2177
   11.7000     0.0000     6.9838    13.8248    20.3830    26.5247    32.1245    37.0686    41.2567    44.6040    47.0429    49.0178
   11.7500     0.0000     6.9553    13.7684    20.2999    26.4165    31.9936    36.9177    41.0889    44.4227    46.8517    48.8187
   11.8000     0.0000     6.9269    13.7122    20.2171    26.3088    31.8633    36.7674    40.9218    44.2421    46.6613    48.6204
   11.8500     0.0000     6.8986    13.6562    20.1346    26.2016    31.7335    36.6178    40.7553    44.0623    46.4717    48.4230
   11.9000     0.0000     6.8705    13.6005    20.0525    26.0948    31.6042    36.4687    40.5895    43.8831    46.2829    48.2263
   11.9500     0.0000     6.8425    13.5450    19.9708    25.9884    31.4755    36.3203    40.4244    43.7047    46.0948    48.0304
   12.0000     0.0000     6.8145    13.4898    19.8893    25.8825    31.3473    36.1725    40.2600    43.5270    45.9075    47.8353
   12.0500     0.0000     6.7867    13.4348    19.8082    25.7771    31.2196    36.0253    40.0962    43.3501    45.7210    47.6409
   12.1000     0.0000     6.7590    13.3800    19.7274    25.6720    31.0925    35.8786    39.9331    43.1739    45.5352    47.4474
   12.1500     0.0000     6.7315    13.3254    19.6471    25.5674    30.9659    35.7326    39.7707    42.9983    45.3501    47.2546
   12.2000     0.0000     6.7040    13.2710    19.5670    25.4632    30.8398    35.5872    39.6090    42.8235    45.1658    47.0626
   12.2500     0.0000     6.6767    13.2169    19.4872    25.3595    30.7142    35.4424    39.4478    42.6494    44.9822    46.8714
   12.3000     0.0000     6.6494    13.1631    19.4078    25.2562    30.5892    35.2982    39.2874    42.4760    44.7994    46.6810
   12.3500     0.0000     6.6223    13.1094    19.3287    25.1533    30.4646    35.1545    39.1276    42.3033    44.6173    46.4913
   12.4000     0.0000     6.5953    13.0559    19.2500    25.0508    30.3406    35.0114    38.9685    42.1313    44.4360    46.3024
   12.4500     0.0000     6.5685    13.0027    19.1715    24.9488    30.2171    34.8689    38.8100    41.9600    44.2554    46.1142
   12.5000     0.0000     6.5417    12.9497    19.0934    24.8472    30.0940    34.7271    38.6521    41.7894    44.0755    45.9269
   12.5500     0.0000     6.5150    12.8970    19.0156    24.7460    29.9715    34.5858    38.4949    41.6195    43.8964    45.7402
   12.6000     0.0000     6.4885    12.8444    18.9381    24.6452    29.8496    34.4450    38.3383    41.4503    43.7179    45.5543
   12.6500     0.0000     6.4620    12.7921    18.8610    24.5449    29.7280    34.3049    38.1824    41.2818    43.5402    45.3692
   12.7000     0.0000     6.4357    12.7399    18.7841    24.4449    29.6070    34.1653    38.0271    41.1139    43.3632    45.1848
   12.7500     0.0000     6.4094    12.6880    18.7076    24.3454    29.4865    34.0263    37.8724    40.9468    43.1870    45.0012
   12.8000     0.0000     6.3833    12.6363    18.6314    24.2462    29.3665    33.8878    37.7184    40.7803    43.0114    44.8183
   12.8500     0.0000     6.3573    12.5848    18.5555    24.1475    29.2470    33.7499    37.5649    40.6145    42.8366    44.6362
   12.9000     0.0000     6.3314    12.5336    18.4799    24.0492    29.1279    33.6126    37.4122    40.4493    42.6624    44.4548
   12.9500     0.0000     6.3056    12.4825    18.4047    23.9513    29.0094    33.4759    37.2600    40.2848    42.4890    44.2741
   13.0000     0.0000     6.2799    12.4317    18.3297    23.8538    28.8913    33.3397    37.1085    40.1210    42.3163    44.0941
   13.0500     0.0000     6.2543    12.3810    18.2551    23.7567    28.7737    33.2040    36.9575    39.9579    42.1443    43.9149
   13.1000     0.0000     6.2289    12.3306    18.1807    23.6600    28.6566    33.0690    36.8072    39.7954    41.9729    43.7364
   13.1500     0.0000     6.2035    12.2804    18.1067    23.5637    28.5400    32.9344    36.6575    39.6336    41.8023    43.5586
   13.2000     0.0000     6.1782    12.2304    18.0330    23.4677    28.4239    32.8004    36.5084    39.4725    41.6324    43.3816
   13.2500     0.0000     6.1531    12.1806    17.9596    23.3722    28.3082    32.6670    36.3599    39.3119    41.4631    43.2052
   13.3000     0.0000     6.1280    12.1310    17.8864    23.2771    28.1930    32.5341    36.2120    39.1521    41.2945    43.0296
   13.3500     0.0000     6.1030    12.0816    17.8136    23.1823    28.0782    32.4017    36.0647    38.9929    41.1266    42.8547
   13.4000     0.0000     6.0782    12.0324    17.7411    23.0880    27.9640    32.2699    35.9181    38.8344    40.9595    42.6805
   13.4500     0.0000     6.0535    11.9834    17.6689    22.9940    27.8502    32.1386    35.7720    38.6764    40.7929    42.5070
   13.5000     0.0000     6.0288    11.9346    17.5970    22.9004    27.7369    32.0079    35.6265    38.5192    40.6271    42.3342
   13.5500     0.0000     6.0042    11.8860    17.5253    22.8072    27.6240    31.8777    35.4816    38.3625    40.4619    42.1621
   13.6000     0.0000     5.9798    11.8376    17.4540    22.7144    27.5116    31.7480    35.3373    38.2065    40.2974    41.9907
   13.6500     0.0000     5.9555    11.7894    17.3830    22.6219    27.3997    31.6188    35.1936    38.0512    40.1336    41.8200
   13.7000     0.0000     5.9312    11.7414    17.3122    22.5298    27.2882    31.4902    35.0505    37.8964    39.9704    41.6500
   13.7500     0.0000     5.9071    11.6936    17.2417    22.4382    27.1772    31.3621    34.9079    37.7424    39.8079    41.4807
   13.8000     0.0000     5.8830    11.6460    17.1715    22.3469    27.0666    31.2345    34.7659    37.5889    39.6460    41.3120
   13.8500     0.0000     5.8591    11.5986    17.1017    22.2559    26.9565    31.1075    34.6245    37.4360    39.4848    41.1441
   13.9000     0.0000     5.8352    11.5514    17.0320    22.1654    26.8468    30.9809    34.4837    37.2838    39.3243    40.9768
   13.9500     0.0000     5.8115    11.5044    16.9627    22.0752    26.7375    30.8549    34.3435    37.1322    39.1644    40.8102
   14.0000     0.0000     5.7878    11.4576    16.8937    21.9853    26.6288    30.7294    34.2038    36.9812    39.0051    40.6443
   14.0500     0.0000     5.7642    11.4109    16.8249    21.8959    26.5204    30.6044    34.0647    36.8308    38.8465    40.4790
   14.1000     0.0000     5.7408    11.3645    16.7565    21.8068    26.4125    30.4799    33.9261    36.6810    38.6886    40.3145
   14.1500     0.0000     5.7174    11.3182    16.6883    21.7181    26.3051    30.3559    33.7881    36.5319    38.5313    40.1506
   14.2000     0.0000     5.6941    11.2722    16.6204    21.6297    26.1981    30.2325    33.6507    36.3833    38.3746    39.9873
   14.2500     0.0000     5.6710    11.2263    16.5527    21.5417    26.0915    30.1095    33.5139    36.2353    38.2186    39.8247
   14.3000     0.0000     5.6479    11.1806    16.4854    21.4540    25.9854    29.9870    33.3776    36.0880    38.0632    39.6628
   14.3500     0.0000     5.6249    11.1351    16.4183    21.3668    25.8796    29.8651    33.2418    35.9413    37.9084    39.5016
   14.4000     0.0000     5.6020    11.0898    16.3515    21.2798    25.7743    29.7436    33.1066    35.7951    37.7543    39.3410
   14.4500     0.0000     5.5792    11.0447    16.2849    21.1932    25.6695    29.6226    32.9720    35.6495    37.6007    39.1810
   14.5000     0.0000     5.5565    10.9997    16.2187    21.1070    25.5651    29.5021    32.8379    35.5045    37.4479    39.0217
   14.5500     0.0000     5.5339    10.9550    16.1527    21.0211    25.4611    29.3821    32.7043    35.3602    37.2956    38.8630
   14.6000     0.0000     5.5114    10.9104    16.0870    20.9356    25.3575    29.2626    32.5713    35.2164    37.1439    38.7050
   14.6500     0.0000     5.4889    10.8660    16.0215    20.8504    25.2543    29.1436    32.4389    35.0732    36.9929    38.5476
   14.7000     0.0000     5.4666    10.8218    15.9563    20.7656    25.1516    29.0250    32.3069    34.9305    36.8425    38.3909
   14.7500     0.0000     5.4444    10.7777    15.8914    20.6811    25.0493    28.9070    32.1755    34.7885    36.6926    38.2348
   14.8000     0.0000     5.4222    10.7339    15.8267    20.5970    24.9474    28.7894    32.0447    34.6470    36.5434    38.0793
   14.8500     0.0000     5.4002    10.6902    15.7624    20.5132    24.8459    28.6723    31.9144    34.5061    36.3948    37.9245
   14.9000     0.0000     5.3782    10.6467    15.6982    20.4297    24.7449    28.5557    31.7846    34.3658    36.2469    37.7703
   14.9500     0.0000     5.3563    10.6034    15.6344    20.3466    24.6442    28.4395    31.6553    34.2260    36.0995    37.6167
   15.0000     0.0000     5.3345    10.5603    15.5707    20.2639    24.5439    28.3239    31.5265    34.0869    35.9527    37.4637
   15.0500     0.0000     5.3128    10.5173    15.5074    20.1814    24.4441    28.2086    31.3983    33.9482    35.8065    37.3114
   15.1000     0.0000     5.2912    10.4745    15.4443    20.0993    24.3447    28.0939    31.2706    33.8102    35.6609    37.1597
   15.1500     0.0000     5.2697    10.4319    15.3815    20.0176    24.2457    27.9796    31.1435    33.6727    35.5158    37.0086
   15.2000     0.0000     5.2482    10.3895    15.3189    19.9361    24.1470    27.8659    31.0168    33.5358    35.3714    36.8581
   15.2500     0.0000     5.2269    10.3472    15.2566    19.8551    24.0488    27.7525    30.8906    33.3994    35.2276    36.7082
   15.3000     0.0000     5.2056    10.3051    15.1945    19.7743    23.9510    27.6396    30.7650    33.2635    35.0843    36.5590
   15.3500     0.0000     5.1844    10.2631    15.1327    19.6938    23.8536    27.5272    30.6399    33.1283    34.9417    36.4103
   15.4000     0.0000     5.1633    10.2214    15.0712    19.6137    23.7566    27.4152    30.5153    32.9935    34.7996    36.2622
   15.4500     0.0000     5.1423    10.1798    15.0098    19.5339    23.6599    27.3038    30.3912    32.8594    34.6581    36.1148
   15.5000     0.0000     5.1214    10.1384    14.9488    19.4545    23.5637    27.1927    30.2676    32.7257    34.5171    35.9679
   15.5500     0.0000     5.1006    10.0972    14.8880    19.3753    23.4679    27.0821    30.1445    32.5927    34.3768    35.8217
   15.6000     0.0000     5.0798    10.0561    14.8274    19.2965    23.3724    26.9719    30.0219    32.4601    34.2370    35.6760
   15.6500     0.0000     5.0591    10.0152    14.7671    19.2180    23.2773    26.8623    29.8998    32.3281    34.0977    35.5309
   15.7000     0.0000     5.0386     9.9744    14.7070    19.1399    23.1826    26.7530    29.7782    32.1966    33.9591    35.3864
   15.7500     0.0000     5.0181     9.9339    14.6472    19.0620    23.0884    26.6442    29.6571    32.0657    33.8210    35.2425
   15.8000     0.0000     4.9977     9.8935    14.5876    18.9845    22.9944    26.5358    29.5365    31.9353    33.6834    35.0992
   15.8500     0.0000     4.9773     9.8532    14.5283    18.9073    22.9009    26.4279    29.4164    31.8054    33.5465    34.9565
   15.9000     0.0000     4.9571     9.8131    14.4692    18.8304    22.8078    26.3204    29.2967    31.6761    33.4100    34.8144
   15.9500     0.0000     4.9369     9.7732    14.4103    18.7537    22.7150    26.2134    29.1776    31.5473    33.2742    34.6728
   16.0000     0.0000     4.9168     9.7335    14.3517    18.6775    22.6226    26.1068    29.0589    31.4190    33.1389    34.5318
   16.0500     0.0000     4.8968     9.6939    14.2933    18.6015    22.5306    26.0006    28.9407    31.2912    33.0041    34.3914
   16.1000     0.0000     4.8769     9.6544    14.2352    18.5259    22.4390    25.8948    28.8230    31.1640    32.8699    34.2515
   16.1500     0.0000     4.8571     9.6152    14.1773    18.4505    22.3477    25.7895    28.7058    31.0372    32.7362    34.1122
   16.2000     0.0000     4.8373     9.5760    14.1196    18.3754    22.2568    25.6846    28.5891    30.9110    32.6031    33.9735
   16.2500     0.0000     4.8176     9.5371    14.0622    18.3007    22.1663    25.5802    28.4728    30.7853    32.4705    33.8353
   16.3000     0.0000     4.7980     9.4983    14.0050    18.2263    22.0761    25.4761    28.3570    30.6601    32.3384    33.6978
   16.3500     0.0000     4.7785     9.4597    13.9480    18.1521    21.9863    25.3725    28.2417    30.5354    32.2069    33.5607
   16.4000     0.0000     4.7591     9.4212    13.8913    18.0783    21.8969    25.2693    28.1268    30.4112    32.0760    33.4242
   16.4500     0.0000     4.7397     9.3829    13.8348    18.0048    21.8079    25.1665    28.0124    30.2875    31.9455    33.2883
   16.5000     0.0000     4.7205     9.3447    13.7785    17.9315    21.7192    25.0642    27.8985    30.1644    31.8156    33.1529
   16.5500     0.0000     4.7013     9.3067    13.7225    17.8586    21.6308    24.9623    27.7851    30.0417    31.6862    33.0181
   16.6000     0.0000     4.6821     9.2688    13.6667    17.7860    21.5429    24.8607    27.6721    29.9195    31.5574    32.8838
   16.6500     0.0000     4.6631     9.2311    13.6111    17.7136    21.4552    24.7596    27.5595    29.7978    31.4290    32.7501
   16.7000     0.0000     4.6441     9.1936    13.5557    17.6416    21.3680    24.6589    27.4474    29.6767    31.3012    32.6169
   16.7500     0.0000     4.6252     9.1562    13.5006    17.5698    21.2811    24.5586    27.3358    29.5560    31.1739    32.4843
   16.8000     0.0000     4.6064     9.1189    13.4457    17.4984    21.1945    24.4588    27.2246    29.4358    31.0472    32.3522
   16.8500     0.0000     4.5877     9.0819    13.3910    17.4272    21.1083    24.3593    27.1139    29.3161    30.9209    32.2206
   16.9000     0.0000     4.5690     9.0449    13.3365    17.3563    21.0224    24.2602    27.0036    29.1969    30.7951    32.0896
   16.9500     0.0000     4.5504     9.0081    13.2823    17.2857    20.9369    24.1616    26.8938    29.0781    30.6699    31.9591
   17.0000     0.0000     4.5319     8.9715    13.2282    17.2154    20.8518    24.0633    26.7845    28.9598    30.5452    31.8291
   17.0500     0.0000     4.5135     8.9350    13.1745    17.1454    20.7670    23.9654    26.6755    28.8421    30.4210    31.6997
   17.1000     0.0000     4.4951     8.8987    13.1209    17.0757    20.6825    23.8680    26.5670    28.7248    30.2972    31.5708
   17.1500     0.0000     4.4768     8.8625    13.0675    17.0062    20.5984    23.7709    26.4590    28.6080    30.1740    31.4424
   17.2000     0.0000     4.4586     8.8264    13.0143    16.9371    20.5147    23.6742    26.3514    28.4916    30.0513    31.3145
   17.2500     0.0000     4.4405     8.7905    12.9614    16.8682    20.4312    23.5779    26.2442    28.3757    29.9291    31.1872
   17.3000     0.0000     4.4224     8.7548    12.9087    16.7996    20.3481    23.4820    26.1375    28.2603    29.8074    31.0603
   17.3500     0.0000     4.4045     8.7192    12.8562    16.7312    20.2654    23.3865    26.0312    28.1454    29.6862    30.9340
   17.4000     0.0000     4.3865     8.6837    12.8039    16.6632    20.1829    23.2914    25.9253    28.0310    29.5655    30.8082
   17.4500     0.0000     4.3687     8.6484    12.7518    16.5954    20.1009    23.1967    25.8199    27.9170    29.4452    30.6829
   17.5000     0.0000     4.3509     8.6132    12.7000    16.5279    20.0191    23.1024    25.7149    27.8034    29.3255    30.5582
   17.5500     0.0000     4.3332     8.5782    12.6483    16.4607    19.9377    23.0084    25.6103    27.6904    29.2062    30.4339
   17.6000     0.0000     4.3156     8.5433    12.5969    16.3938    19.8566    22.9148    25.5061    27.5777    29.0874    30.3101
   17.6500     0.0000     4.2981     8.5085    12.5456    16.3271    19.7759    22.8216    25.4024    27.4656    28.9691    30.1869
   17.7000     0.0000     4.2806     8.4739    12.4946    16.2607    19.6954    22.7288    25.2991    27.3539    28.8513    30.0641
   17.7500     0.0000     4.2632     8.4395    12.4438    16.1946    19.6153    22.6364    25.1962    27.2427    28.7340    29.9418
   17.8000     0.0000     4.2458     8.4051    12.3932    16.1287    19.5355    22.5443    25.0937    27.1319    28.6171    29.8201
   17.8500     0.0000     4.2286     8.3710    12.3428    16.0631    19.4561    22.4526    24.9917    27.0215    28.5008    29.6988
   17.9000     0.0000     4.2114     8.3369    12.2926    15.9977    19.3770    22.3613    24.8901    26.9116    28.3849    29.5780
   17.9500     0.0000     4.1942     8.3030    12.2426    15.9327    19.2982    22.2704    24.7888    26.8022    28.2694    29.4577
   18.0000     0.0000     4.1772     8.2692    12.1928    15.8679    19.2197    22.1798    24.6880    26.6932    28.1545    29.3379
   18.0500     0.0000     4.1602     8.2356    12.1432    15.8034    19.1415    22.0896    24.5876    26.5846    28.0400    29.2186
   18.1000     0.0000     4.1433     8.2021    12.0938    15.7391    19.0637    21.9998    24.4876    26.4765    27.9259    29.0998
   18.1500     0.0000     4.1264     8.1687    12.0446    15.6751    18.9861    21.9103    24.3880    26.3688    27.8124    28.9815
   18.2000     0.0000     4.1096     8.1355    11.9956    15.6113    18.9089    21.8212    24.2888    26.2616    27.6992    28.8636
   18.2500     0.0000     4.0929     8.1024    11.9469    15.5478    18.8320    21.7324    24.1901    26.1548    27.5866    28.7462
   18.3000     0.0000     4.0763     8.0695    11.8983    15.4846    18.7554    21.6441    24.0917    26.0484    27.4744    28.6293
   18.3500     0.0000     4.0597     8.0367    11.8499    15.4216    18.6791    21.5560    23.9937    25.9425    27.3627    28.5129
   18.4000     0.0000     4.0432     8.0040    11.8017    15.3589    18.6032    21.4684    23.8961    25.8370    27.2514    28.3969
   18.4500     0.0000     4.0267     7.9714    11.7537    15.2964    18.5275    21.3811    23.7989    25.7319    27.1406    28.2814
   18.5000     0.0000     4.0104     7.9390    11.7059    15.2342    18.4522    21.2941    23.7022    25.6273    27.0302    28.1664
   18.5500     0.0000     3.9941     7.9067    11.6583    15.1723    18.3771    21.2075    23.6058    25.5230    26.9203    28.0519
   18.6000     0.0000     3.9778     7.8746    11.6109    15.1106    18.3024    21.1213    23.5098    25.4192    26.8108    27.9378
   18.6500     0.0000     3.9616     7.8425    11.5636    15.0491    18.2279    21.0354    23.4141    25.3159    26.7017    27.8242
   18.7000     0.0000     3.9455     7.8106    11.5166    14.9879    18.1538    20.9498    23.3189    25.2129    26.5932    27.7110
   18.7500     0.0000     3.9295     7.7789    11.4698    14.9269    18.0800    20.8646    23.2241    25.1104    26.4850    27.5983
   18.8000     0.0000     3.9135     7.7472    11.4231    14.8662    18.0065    20.7798    23.1296    25.0083    26.3773    27.4861
   18.8500     0.0000     3.8976     7.7157    11.3767    14.8058    17.9332    20.6952    23.0356    24.9066    26.2700    27.3743
   18.9000     0.0000     3.8817     7.6843    11.3304    14.7456    17.8603    20.6111    22.9419    24.8053    26.1632    27.2630
   18.9500     0.0000     3.8659     7.6531    11.2843    14.6856    17.7877    20.5272    22.8486    24.7044    26.0568    27.1521
   19.0000     0.0000     3.8502     7.6220    11.2384    14.6259    17.7153    20.4438    22.7557    24.6039    25.9508    27.0417
   19.0500     0.0000     3.8346     7.5910    11.1927    14.5664    17.6433    20.3606    22.6631    24.5039    25.8453    26.9317
   19.1000     0.0000     3.8190     7.5601    11.1472    14.5071    17.5715    20.2778    22.5710    24.4042    25.7402    26.8222
   19.1500     0.0000     3.8034     7.5294    11.1019    14.4481    17.5001    20.1953    22.4792    24.3049    25.6355    26.7131
   19.2000     0.0000     3.7880     7.4987    11.0567    14.3894    17.4289    20.1132    22.3877    24.2061    25.5312    26.6045
   19.2500     0.0000     3.7726     7.4682    11.0117    14.3309    17.3580    20.0314    22.2967    24.1077    25.4274    26.4963
   19.3000     0.0000     3.7572     7.4379    10.9670    14.2726    17.2874    19.9500    22.2060    24.0096    25.3240    26.3885
   19.3500     0.0000     3.7419     7.4076    10.9224    14.2145    17.2171    19.8688    22.1157    23.9120    25.2210    26.2812
   19.4000     0.0000     3.7267     7.3775    10.8779    14.1567    17.1471    19.7880    22.0258    23.8147    25.1184    26.1743
   19.4500     0.0000     3.7116     7.3475    10.8337    14.0992    17.0773    19.7076    21.9362    23.7179    25.0163    26.0679
   19.5000     0.0000     3.6965     7.3176    10.7896    14.0418    17.0079    19.6274    21.8470    23.6214    24.9145    25.9619
   19.5500     0.0000     3.6814     7.2878    10.7458    13.9847    16.9387    19.5476    21.7581    23.5253    24.8132    25.8563
   19.6000     0.0000     3.6665     7.2582    10.7021    13.9278    16.8698    19.4681    21.6697    23.4297    24.7123    25.7511
   19.6500     0.0000     3.6515     7.2287    10.6585    13.8712    16.8012    19.3889    21.5815    23.3344    24.6118    25.6464
   19.7000     0.0000     3.6367     7.1993    10.6152    13.8148    16.7329    19.3101    21.4937    23.2395    24.5117    25.5421
   19.7500     0.0000     3.6219     7.1700    10.5720    13.7586    16.6648    19.2315    21.4063    23.1450    24.4120    25.4382
   19.8000     0.0000     3.6072     7.1408    10.5290    13.7026    16.5971    19.1533    21.3193    23.0509    24.3128    25.3348
   19.8500     0.0000     3.5925     7.1118    10.4862    13.6469    16.5296    19.0754    21.2326    22.9571    24.2139    25.2317
   19.9000     0.0000     3.5779     7.0829    10.4435    13.5914    16.4623    18.9978    21.1462    22.8638    24.1154    25.1291
   19.9500     0.0000     3.5633     7.0541    10.4011    13.5361    16.3954    18.9206    21.0602    22.7708    24.0173    25.0269
   20.0000     0.0000     3.5489     7.0254    10.3588    13.4811    16.3287    18.8436    20.9746    22.6782    23.9197    24.9251
   20.0500     0.0000     3.5344     6.9968    10.3166    13.4263    16.2623    18.7670    20.8893    22.5859    23.8224    24.8238
   20.1000     0.0000     3.5200     6.9684    10.2747    13.3717    16.1962    18.6907    20.8043    22.4941    23.7255    24.7228
   20.1500     0.0000     3.5057     6.9400    10.2329    13.3173    16.1303    18.6147    20.7197    22.4026    23.6290    24.6223
   20.2000     0.0000     3.4915     6.9118    10.1913    13.2631    16.0647    18.5389    20.6355    22.3115    23.5329    24.5221
   20.2500     0.0000     3.4773     6.8837    10.1498    13.2092    15.9994    18.4636    20.5515    22.2208    23.4372    24.4224
   20.3000     0.0000     3.4631     6.8557    10.1085    13.1555    15.9343    18.3885    20.4679    22.1304    23.3419    24.3231
   20.3500     0.0000     3.4490     6.8278    10.0674    13.1020    15.8695    18.3137    20.3847    22.0404    23.2470    24.2242
   20.4000     0.0000     3.4350     6.8000    10.0265    13.0487    15.8050    18.2392    20.3018    21.9507    23.1524    24.1257
   20.4500     0.0000     3.4210     6.7724     9.9857    12.9956    15.7407    18.1650    20.2193    21.8615    23.0583    24.0275
   20.5000     0.0000     3.4071     6.7448     9.9451    12.9428    15.6767    18.0912    20.1370    21.7726    22.9645    23.9298
   20.5500     0.0000     3.3933     6.7174     9.9047    12.8901    15.6129    18.0176    20.0551    21.6840    22.8711    23.8325
   20.6000     0.0000     3.3795     6.6901     9.8644    12.8377    15.5494    17.9443    19.9736    21.5958    22.7781    23.7356
   20.6500     0.0000     3.3657     6.6629     9.8243    12.7855    15.4862    17.8713    19.8923    21.5080    22.6855    23.6391
   20.7000     0.0000     3.3520     6.6358     9.7843    12.7335    15.4232    17.7986    19.8114    21.4205    22.5932    23.5429
   20.7500     0.0000     3.3384     6.6088     9.7445    12.6817    15.3605    17.7263    19.7309    21.3334    22.5013    23.4472
   20.8000     0.0000     3.3248     6.5819     9.7049    12.6301    15.2980    17.6542    19.6506    21.2467    22.4098    23.3518
   20.8500     0.0000     3.3113     6.5551     9.6654    12.5787    15.2358    17.5824    19.5707    21.1602    22.3187    23.2569
   20.9000     0.0000     3.2978     6.5285     9.6261    12.5276    15.1738    17.5109    19.4911    21.0742    22.2279    23.1623
   20.9500     0.0000     3.2844     6.5019     9.5870    12.4767    15.1121    17.4397    19.4118    20.9885    22.1375    23.0681
   21.0000     0.0000     3.2711     6.4755     9.5480    12.4259    15.0507    17.3687    19.3329    20.9031    22.0475    22.9743
   21.0500     0.0000     3.2578     6.4492     9.5092    12.3754    14.9895    17.2981    19.2543    20.8181    21.9578    22.8808
   21.1000     0.0000     3.2445     6.4229     9.4705    12.3250    14.9285    17.2277    19.1760    20.7335    21.8685    22.7878
   21.1500     0.0000     3.2313     6.3968     9.4320    12.2749    14.8678    17.1577    19.0980    20.6491    21.7796    22.6951
   21.2000     0.0000     3.2182     6.3708     9.3936    12.2250    14.8073    17.0879    19.0203    20.5652    21.6910    22.6028
   21.2500     0.0000     3.2051     6.3449     9.3554    12.1753    14.7471    17.0184    18.9430    20.4815    21.6028    22.5109
   21.3000     0.0000     3.1921     6.3191     9.3174    12.1258    14.6871    16.9492    18.8659    20.3982    21.5149    22.4193
   21.3500     0.0000     3.1791     6.2934     9.2795    12.0765    14.6274    16.8803    18.7892    20.3153    21.4274    22.3282
   21.4000     0.0000     3.1662     6.2678     9.2417    12.0273    14.5679    16.8116    18.7128    20.2327    21.3403    22.2373
   21.4500     0.0000     3.1533     6.2423     9.2041    11.9784    14.5087    16.7432    18.6367    20.1504    21.2535    22.1469
   21.5000     0.0000     3.1405     6.2169     9.1667    11.9297    14.4496    16.6751    18.5609    20.0684    21.1671    22.0568
   21.5500     0.0000     3.1277     6.1916     9.1294    11.8812    14.3909    16.6073    18.4854    19.9868    21.0810    21.9671
   21.6000     0.0000     3.1150     6.1665     9.0923    11.8329    14.3323    16.5398    18.4102    19.9055    20.9952    21.8778
   21.6500     0.0000     3.1023     6.1414     9.0553    11.7848    14.2741    16.4725    18.3354    19.8246    20.9099    21.7888
   21.7000     0.0000     3.0897     6.1164     9.0185    11.7368    14.2160    16.4055    18.2608    19.7439    20.8248    21.7002
   21.7500     0.0000     3.0771     6.0915     8.9818    11.6891    14.1582    16.3388    18.1865    19.6637    20.7401    21.6120
   21.8000     0.0000     3.0646     6.0668     8.9453    11.6416    14.1006    16.2724    18.1125    19.5837    20.6558    21.5241
   21.8500     0.0000     3.0521     6.0421     8.9089    11.5942    14.0433    16.2062    18.0389    19.5040    20.5718    21.4365
   21.9000     0.0000     3.0397     6.0175     8.8727    11.5470    13.9862    16.1403    17.9655    19.4247    20.4881    21.3494
   21.9500     0.0000     3.0274     5.9930     8.8366    11.5001    13.9293    16.0746    17.8925    19.3457    20.4048    21.2625
   22.0000     0.0000     3.0150     5.9687     8.8007    11.4533    13.8726    16.0093    17.8197    19.2670    20.3218    21.1761
   22.0500     0.0000     3.0028     5.9444     8.7649    11.4067    13.8162    15.9442    17.7472    19.1887    20.2392    21.0899
   22.1000     0.0000     2.9906     5.9202     8.7292    11.3604    13.7600    15.8793    17.6751    19.1106    20.1569    21.0042
   22.1500     0.0000     2.9784     5.8961     8.6937    11.3142    13.7041    15.8147    17.6032    19.0329    20.0749    20.9188
   22.2000     0.0000     2.9663     5.8722     8.6584    11.2681    13.6483    15.7504    17.5316    18.9555    19.9932    20.8337
   22.2500     0.0000     2.9542     5.8483     8.6231    11.2223    13.5928    15.6864    17.4603    18.8784    19.9119    20.7490
   22.3000     0.0000     2.9422     5.8245     8.5881    11.1767    13.5376    15.6226    17.3893    18.8017    19.8310    20.6646
   22.3500     0.0000     2.9303     5.8008     8.5532    11.1312    13.4825    15.5590    17.3186    18.7252    19.7503    20.5805
   22.4000     0.0000     2.9183     5.7772     8.5184    11.0860    13.4277    15.4958    17.2481    18.6490    19.6700    20.4968
   22.4500     0.0000     2.9065     5.7537     8.4837    11.0409    13.3730    15.4327    17.1780    18.5732    19.5900    20.4135
   22.5000     0.0000     2.8946     5.7303     8.4492    10.9960    13.3187    15.3700    17.1081    18.4977    19.5103    20.3305
   22.5500     0.0000     2.8829     5.7070     8.4149    10.9512    13.2645    15.3075    17.0385    18.4224    19.4310    20.2478
   22.6000     0.0000     2.8711     5.6838     8.3806    10.9067    13.2105    15.2452    16.9692    18.3475    19.3519    20.1654
   22.6500     0.0000     2.8595     5.6607     8.3465    10.8624    13.1568    15.1832    16.9002    18.2729    19.2732    20.0834
   22.7000     0.0000     2.8478     5.6377     8.3126    10.8182    13.1033    15.1215    16.8315    18.1986    19.1949    20.0017
   22.7500     0.0000     2.8363     5.6147     8.2788    10.7742    13.0500    15.0600    16.7631    18.1246    19.1168    19.9204
   22.8000     0.0000     2.8247     5.5919     8.2451    10.7304    12.9970    14.9987    16.6949    18.0509    19.0391    19.8394
   22.8500     0.0000     2.8132     5.5692     8.2116    10.6867    12.9441    14.9377    16.6270    17.9775    18.9616    19.7587
   22.9000     0.0000     2.8018     5.5465     8.1782    10.6433    12.8915    14.8770    16.5594    17.9043    18.8845    19.6783
   22.9500     0.0000     2.7904     5.5239     8.1450    10.6000    12.8390    14.8165    16.4920    17.8315    18.8077    19.5983
   23.0000     0.0000     2.7791     5.5015     8.1118    10.5569    12.7868    14.7562    16.4250    17.7590    18.7312    19.5186
   23.0500     0.0000     2.7678     5.4791     8.0788    10.5139    12.7348    14.6962    16.3582    17.6868    18.6550    19.4392
   23.1000     0.0000     2.7565     5.4568     8.0460    10.4712    12.6830    14.6364    16.2916    17.6149    18.5792    19.3602
   23.1500     0.0000     2.7453     5.4346     8.0133    10.4286    12.6314    14.5769    16.2254    17.5432    18.5036    19.2814
   23.2000     0.0000     2.7341     5.4125     7.9807    10.3862    12.5801    14.5176    16.1594    17.4719    18.4284    19.2030
   23.2500     0.0000     2.7230     5.3905     7.9482    10.3439    12.5289    14.4586    16.0937    17.4008    18.3534    19.1249
   23.3000     0.0000     2.7119     5.3686     7.9159    10.3019    12.4780    14.3998    16.0282    17.3301    18.2788    19.0471
   23.3500     0.0000     2.7009     5.3468     7.8837    10.2600    12.4272    14.3412    15.9630    17.2596    18.2044    18.9697
   23.4000     0.0000     2.6899     5.3250     7.8516    10.2183    12.3767    14.2829    15.8981    17.1894    18.1304    18.8925
   23.4500     0.0000     2.6790     5.3034     7.8197    10.1767    12.3263    14.2248    15.8334    17.1195    18.0567    18.8157
   23.5000     0.0000     2.6681     5.2818     7.7879    10.1353    12.2762    14.1670    15.7691    17.0499    17.9832    18.7392
   23.5500     0.0000     2.6572     5.2603     7.7562    10.0941    12.2263    14.1093    15.7049    16.9805    17.9101    18.6630
   23.6000     0.0000     2.6464     5.2389     7.7247    10.0530    12.1766    14.0520    15.6411    16.9114    17.8373    18.5871
   23.6500     0.0000     2.6357     5.2176     7.6933    10.0122    12.1270    13.9948    15.5775    16.8427    17.7647    18.5115
   23.7000     0.0000     2.6249     5.1964     7.6620     9.9714    12.0777    13.9379    15.5141    16.7742    17.6925    18.4362
   23.7500     0.0000     2.6143     5.1753     7.6308     9.9309    12.0286    13.8812    15.4510    16.7060    17.6205    18.3612
   23.8000     0.0000     2.6036     5.1542     7.5998     9.8905    11.9797    13.8248    15.3882    16.6380    17.5489    18.2865
   23.8500     0.0000     2.5930     5.1333     7.5689     9.8503    11.9310    13.7685    15.3256    16.5704    17.4775    18.2122
   23.9000     0.0000     2.5825     5.1124     7.5381     9.8102    11.8824    13.7126    15.2633    16.5030    17.4064    18.1381
   23.9500     0.0000     2.5720     5.0916     7.5074     9.7703    11.8341    13.6568    15.2012    16.4359    17.3356    18.0644
   24.0000     0.0000     2.5615     5.0709     7.4769     9.7306    11.7860    13.6012    15.1394    16.3690    17.2651    17.9909
   24.0500     0.0000     2.5511     5.0503     7.4465     9.6910    11.7381    13.5459    15.0778    16.3024    17.1949    17.9177
   24.1000     0.0000     2.5407     5.0297     7.4162     9.6516    11.6903    13.4908    15.0165    16.2361    17.1250    17.8449
   24.1500     0.0000     2.5304     5.0093     7.3861     9.6123    11.6428    13.4360    14.9554    16.1701    17.0553    17.7723
   24.2000     0.0000     2.5201     4.9889     7.3560     9.5732    11.5954    13.3813    14.8946    16.1043    16.9860    17.7000
   24.2500     0.0000     2.5099     4.9686     7.3261     9.5343    11.5483    13.3269    14.8340    16.0389    16.9169    17.6280
   24.3000     0.0000     2.4997     4.9484     7.2963     9.4956    11.5013    13.2727    14.7737    15.9736    16.8481    17.5563
   24.3500     0.0000     2.4895     4.9283     7.2666     9.4569    11.4545    13.2187    14.7136    15.9087    16.7796    17.4849
   24.4000     0.0000     2.4794     4.9082     7.2371     9.4185    11.4080    13.1650    14.6538    15.8440    16.7113    17.4138
   24.4500     0.0000     2.4693     4.8883     7.2077     9.3802    11.3616    13.1114    14.5942    15.7795    16.6434    17.3430
   24.5000     0.0000     2.4593     4.8684     7.1783     9.3420    11.3153    13.0581    14.5348    15.7154    16.5757    17.2725
   24.5500     0.0000     2.4492     4.8486     7.1491     9.3040    11.2693    13.0050    14.4757    15.6514    16.5083    17.2022
   24.6000     0.0000     2.4393     4.8289     7.1201     9.2662    11.2235    12.9521    14.4168    15.5878    16.4411    17.1323
   24.6500     0.0000     2.4294     4.8092     7.0911     9.2285    11.1779    12.8994    14.3582    15.5244    16.3743    17.0626
   24.7000     0.0000     2.4195     4.7897     7.0623     9.1910    11.1324    12.8470    14.2998    15.4613    16.3077    16.9932
   24.7500     0.0000     2.4096     4.7702     7.0336     9.1536    11.0871    12.7947    14.2417    15.3984    16.2414    16.9241
   24.8000     0.0000     2.3998     4.7508     7.0049     9.1164    11.0420    12.7427    14.1837    15.3358    16.1753    16.8553
   24.8500     0.0000     2.3901     4.7315     6.9765     9.0793    10.9971    12.6909    14.1261    15.2734    16.1095    16.7867
   24.9000     0.0000     2.3804     4.7122     6.9481     9.0424    10.9524    12.6393    14.0686    15.2113    16.0440    16.7184
   24.9500     0.0000     2.3707     4.6931     6.9198     9.0056    10.9079    12.5879    14.0114    15.1494    15.9788    16.6505
   25.0000     0.0000     2.3610     4.6740     6.8917     8.9690    10.8635    12.5367    13.9544    15.0878    15.9138    16.5827
   25.0500     0.0000     2.3514     4.6550     6.8637     8.9325    10.8193    12.4857    13.8977    15.0264    15.8491    16.5153
   25.1000     0.0000     2.3419     4.6360     6.8357     8.8962    10.7753    12.4349    13.8411    14.9653    15.7846    16.4481
   25.1500     0.0000     2.3324     4.6172     6.8079     8.8600    10.7315    12.3843    13.7848    14.9045    15.7204    16.3812
   25.2000     0.0000     2.3229     4.5984     6.7803     8.8240    10.6878    12.3340    13.7288    14.8439    15.6565    16.3146
   25.2500     0.0000     2.3134     4.5797     6.7527     8.7881    10.6444    12.2838    13.6730    14.7835    15.5928    16.2483
   25.3000     0.0000     2.3040     4.5611     6.7252     8.7523    10.6011    12.2338    13.6174    14.7234    15.5294    16.1822
   25.3500     0.0000     2.2946     4.5425     6.6979     8.7167    10.5580    12.1841    13.5620    14.6635    15.4662    16.1164
   25.4000     0.0000     2.2853     4.5241     6.6706     8.6813    10.5150    12.1346    13.5068    14.6039    15.4033    16.0508
   25.4500     0.0000     2.2760     4.5057     6.6435     8.6460    10.4723    12.0852    13.4519    14.5445    15.3407    15.9856
   25.5000     0.0000     2.2668     4.4873     6.6165     8.6108    10.4297    12.0360    13.3972    14.4853    15.2783    15.9205
   25.5500     0.0000     2.2575     4.4691     6.5896     8.5758    10.3873    11.9871    13.3427    14.4264    15.2162    15.8558
   25.6000     0.0000     2.2484     4.4509     6.5628     8.5409    10.3450    11.9384    13.2884    14.3677    15.1543    15.7913
   25.6500     0.0000     2.2392     4.4328     6.5361     8.5062    10.3030    11.8898    13.2344    14.3093    15.0927    15.7271
   25.7000     0.0000     2.2301     4.4148     6.5095     8.4716    10.2611    11.8414    13.1806    14.2511    15.0313    15.6631
   25.7500     0.0000     2.2210     4.3968     6.4830     8.4371    10.2193    11.7933    13.1270    14.1932    14.9701    15.5994
   25.8000     0.0000     2.2120     4.3790     6.4567     8.4028    10.1778    11.7453    13.0736    14.1354    14.9093    15.5360
   25.8500     0.0000     2.2030     4.3611     6.4304     8.3687    10.1364    11.6976    13.0204    14.0779    14.8486    15.4728
   25.9000     0.0000     2.1941     4.3434     6.4043     8.3346    10.0952    11.6500    12.9675    14.0207    14.7882    15.4099
   25.9500     0.0000     2.1851     4.3257     6.3782     8.3007    10.0541    11.6026    12.9147    13.9637    14.7281    15.3472
   26.0000     0.0000     2.1762     4.3082     6.3523     8.2670    10.0132    11.5554    12.8622    13.9069    14.6682    15.2848
   26.0500     0.0000     2.1674     4.2906     6.3264     8.2333     9.9725    11.5084    12.8099    13.8503    14.6085    15.2226
   26.1000     0.0000     2.1586     4.2732     6.3007     8.1999     9.9319    11.4616    12.7578    13.7940    14.5491    15.1607
   26.1500     0.0000     2.1498     4.2558     6.2751     8.1665     9.8915    11.4150    12.7059    13.7379    14.4900    15.0991
   26.2000     0.0000     2.1411     4.2385     6.2496     8.1333     9.8513    11.3686    12.6542    13.6820    14.4310    15.0377
   26.2500     0.0000     2.1324     4.2213     6.2241     8.1002     9.8112    11.3224    12.6028    13.6264    14.3724    14.9765
   26.3000     0.0000     2.1237     4.2041     6.1988     8.0673     9.7713    11.2763    12.5515    13.5710    14.3139    14.9156
   26.3500     0.0000     2.1150     4.1870     6.1736     8.0345     9.7316    11.2304    12.5005    13.5158    14.2557    14.8549
   26.4000     0.0000     2.1064     4.1700     6.1485     8.0018     9.6920    11.1848    12.4496    13.4608    14.1977    14.7945
   26.4500     0.0000     2.0979     4.1530     6.1235     7.9693     9.6526    11.1393    12.3990    13.4061    14.1400    14.7344
   26.5000     0.0000     2.0893     4.1361     6.0986     7.9368     9.6134    11.0940    12.3486    13.3515    14.0825    14.6744
   26.5500     0.0000     2.0808     4.1193     6.0738     7.9046     9.5743    11.0489    12.2984    13.2972    14.0252    14.6148
   26.6000     0.0000     2.0724     4.1025     6.0491     7.8724     9.5353    11.0039    12.2483    13.2432    13.9682    14.5553
   26.6500     0.0000     2.0640     4.0859     6.0245     7.8404     9.4965    10.9592    12.1985    13.1893    13.9113    14.4961
   26.7000     0.0000     2.0556     4.0692     6.0000     7.8085     9.4579    10.9146    12.1489    13.1357    13.8548    14.4372
   26.7500     0.0000     2.0472     4.0527     5.9756     7.7768     9.4195    10.8702    12.0995    13.0822    13.7984    14.3785
   26.8000     0.0000     2.0389     4.0362     5.9513     7.7451     9.3811    10.8260    12.0503    13.0290    13.7423    14.3200
   26.8500     0.0000     2.0306     4.0198     5.9271     7.7136     9.3430    10.7820    12.0013    12.9761    13.6864    14.2618
   26.9000     0.0000     2.0223     4.0035     5.9030     7.6823     9.3050    10.7381    11.9525    12.9233    13.6308    14.2038
   26.9500     0.0000     2.0141     3.9872     5.8790     7.6510     9.2672    10.6945    11.9039    12.8707    13.5753    14.1460
   27.0000     0.0000     2.0059     3.9709     5.8551     7.6199     9.2295    10.6510    11.8555    12.8184    13.5201    14.0885
   27.0500     0.0000     1.9978     3.9548     5.8313     7.5889     9.1919    10.6077    11.8072    12.7663    13.4651    14.0312
   27.1000     0.0000     1.9896     3.9387     5.8076     7.5581     9.1546    10.5645    11.7592    12.7143    13.4104    13.9741
   27.1500     0.0000     1.9815     3.9227     5.7839     7.5273     9.1173    10.5216    11.7114    12.6626    13.3558    13.9173
   27.2000     0.0000     1.9735     3.9067     5.7604     7.4967     9.0802    10.4788    11.6638    12.6111    13.3015    13.8607
   27.2500     0.0000     1.9655     3.8909     5.7370     7.4662     9.0433    10.4362    11.6163    12.5598    13.2474    13.8043
   27.3000     0.0000     1.9575     3.8750     5.7137     7.4359     9.0065    10.3937    11.5691    12.5088    13.1935    13.7482
   27.3500     0.0000     1.9495     3.8593     5.6904     7.4056     8.9699    10.3514    11.5221    12.4579    13.1399    13.6922
   27.4000     0.0000     1.9416     3.8436     5.6673     7.3755     8.9334    10.3093    11.4752    12.4072    13.0865    13.6366
   27.4500     0.0000     1.9337     3.8280     5.6442     7.3455     8.8971    10.2674    11.4285    12.3568    13.0332    13.5811
   27.5000     0.0000     1.9258     3.8124     5.6213     7.3156     8.8609    10.2257    11.3820    12.3065    12.9802    13.5259
   27.5500     0.0000     1.9180     3.7969     5.5984     7.2859     8.8249    10.1841    11.3358    12.2565    12.9274    13.4709
   27.6000     0.0000     1.9102     3.7814     5.5756     7.2562     8.7890    10.1427    11.2897    12.2066    12.8749    13.4161
   27.6500     0.0000     1.9024     3.7661     5.5530     7.2267     8.7532    10.1014    11.2437    12.1570    12.8225    13.3615
   27.7000     0.0000     1.8947     3.7507     5.5304     7.1973     8.7176    10.0603    11.1980    12.1075    12.7704    13.3072
   27.7500     0.0000     1.8870     3.7355     5.5079     7.1681     8.6822    10.0194    11.1525    12.0583    12.7184    13.2531
   27.8000     0.0000     1.8793     3.7203     5.4855     7.1389     8.6469     9.9787    11.1071    12.0093    12.6667    13.1992
   27.8500     0.0000     1.8717     3.7052     5.4632     7.1099     8.6117     9.9381    11.0620    11.9604    12.6152    13.1455
   27.9000     0.0000     1.8640     3.6901     5.4410     7.0810     8.5767     9.8977    11.0170    11.9118    12.5639    13.0920
   27.9500     0.0000     1.8565     3.6751     5.4188     7.0522     8.5418     9.8574    10.9722    11.8633    12.5128    13.0388
   28.0000     0.0000     1.8489     3.6601     5.3968     7.0235     8.5071     9.8173    10.9275    11.8151    12.4619    12.9857
   28.0500     0.0000     1.8414     3.6453     5.3749     6.9949     8.4725     9.7774    10.8831    11.7670    12.4112    12.9329
   28.1000     0.0000     1.8339     3.6304     5.3530     6.9665     8.4380     9.7376    10.8388    11.7192    12.3607    12.8803
   28.1500     0.0000     1.8264     3.6157     5.3312     6.9382     8.4037     9.6980    10.7948    11.6715    12.3105    12.8280
   28.2000     0.0000     1.8190     3.6010     5.3095     6.9099     8.3695     9.6586    10.7509    11.6241    12.2604    12.7758
   28.2500     0.0000     1.8116     3.5863     5.2880     6.8818     8.3355     9.6193    10.7071    11.5768    12.2105    12.7238
   28.3000     0.0000     1.8042     3.5717     5.2664     6.8538     8.3016     9.5802    10.6636    11.5297    12.1609    12.6721
   28.3500     0.0000     1.7969     3.5572     5.2450     6.8260     8.2678     9.5412    10.6202    11.4828    12.1114    12.6206
   28.4000     0.0000     1.7896     3.5427     5.2237     6.7982     8.2342     9.5024    10.5770    11.4361    12.0622    12.5692
   28.4500     0.0000     1.7823     3.5283     5.2025     6.7706     8.2007     9.4638    10.5340    11.3896    12.0131    12.5181
   28.5000     0.0000     1.7751     3.5140     5.1813     6.7430     8.1674     9.4253    10.4912    11.3433    11.9643    12.4672
   28.5500     0.0000     1.7679     3.4997     5.1602     6.7156     8.1342     9.3870    10.4485    11.2972    11.9156    12.4165
   28.6000     0.0000     1.7607     3.4855     5.1392     6.6883     8.1011     9.3488    10.4060    11.2512    11.8671    12.3660
   28.6500     0.0000     1.7535     3.4713     5.1183     6.6611     8.0681     9.3108    10.3637    11.2054    11.8189    12.3157
   28.7000     0.0000     1.7464     3.4572     5.0975     6.6340     8.0353     9.2729    10.3215    11.1599    11.7708    12.2656
   28.7500     0.0000     1.7393     3.4431     5.0768     6.6070     8.0026     9.2352    10.2796    11.1145    11.7229    12.2157
   28.8000     0.0000     1.7322     3.4291     5.0561     6.5802     7.9701     9.1976    10.2378    11.0693    11.6753    12.1661
   28.8500     0.0000     1.7252     3.4152     5.0356     6.5534     7.9377     9.1602    10.1961    11.0243    11.6278    12.1166
   28.9000     0.0000     1.7181     3.4013     5.0151     6.5267     7.9054     9.1230    10.1547    10.9794    11.5805    12.0673
   28.9500     0.0000     1.7112     3.3874     4.9947     6.5002     7.8732     9.0859    10.1134    10.9348    11.5334    12.0182
   29.0000     0.0000     1.7042     3.3737     4.9744     6.4738     7.8412     9.0489    10.0722    10.8903    11.4865    11.9694
   29.0500     0.0000     1.6973     3.3599     4.9542     6.4474     7.8093     9.0121    10.0313    10.8460    11.4398    11.9207
   29.1000     0.0000     1.6904     3.3463     4.9340     6.4212     7.7776     8.9755     9.9905    10.8019    11.3933    11.8722
   29.1500     0.0000     1.6835     3.3327     4.9139     6.3951     7.7460     8.9390     9.9498    10.7580    11.3469    11.8239
   29.2000     0.0000     1.6766     3.3191     4.8940     6.3691     7.7144     8.9026     9.9094    10.7142    11.3008    11.7758
   29.2500     0.0000     1.6698     3.3056     4.8741     6.3432     7.6831     8.8664     9.8691    10.6707    11.2548    11.7279
   29.3000     0.0000     1.6630     3.2922     4.8542     6.3174     7.6518     8.8303     9.8290    10.6273    11.2091    11.6802
   29.3500     0.0000     1.6563     3.2788     4.8345     6.2917     7.6207     8.7944     9.7890    10.5840    11.1635    11.6327
   29.4000     0.0000     1.6495     3.2655     4.8148     6.2661     7.5897     8.7587     9.7492    10.5410    11.1181    11.5854
   29.4500     0.0000     1.6428     3.2522     4.7953     6.2406     7.5589     8.7230     9.7095    10.4981    11.0729    11.5383
   29.5000     0.0000     1.6361     3.2389     4.7758     6.2152     7.5281     8.6876     9.6700    10.4554    11.0278    11.4914
   29.5500     0.0000     1.6295     3.2258     4.7563     6.1900     7.4975     8.6522     9.6307    10.4129    10.9830    11.4447
   29.6000     0.0000     1.6229     3.2127     4.7370     6.1648     7.4670     8.6171     9.5915    10.3706    10.9383    11.3981
   29.6500     0.0000     1.6163     3.1996     4.7177     6.1397     7.4366     8.5820     9.5525    10.3284    10.8938    11.3518
   29.7000     0.0000     1.6097     3.1866     4.6985     6.1148     7.4064     8.5471     9.5137    10.2864    10.8495    11.3056
   29.7500     0.0000     1.6031     3.1736     4.6794     6.0899     7.3763     8.5124     9.4750    10.2446    10.8054    11.2596
   29.8000     0.0000     1.5966     3.1607     4.6604     6.0651     7.3463     8.4777     9.4364    10.2029    10.7614    11.2138
   29.8500     0.0000     1.5901     3.1479     4.6414     6.0405     7.3164     8.4433     9.3981    10.1614    10.7177    11.1682
   29.9000     0.0000     1.5837     3.1351     4.6226     6.0159     7.2866     8.4089     9.3599    10.1201    10.6741    11.1228
   29.9500     0.0000     1.5772     3.1223     4.6038     5.9914     7.2570     8.3747     9.3218    10.0789    10.6307    11.0776
   30.0000     0.0000     1.5708     3.1096     4.5850     5.9671     7.2275     8.3407     9.2839    10.0379    10.5875    11.0325
