    0.0000    0.0000  100.0000  100.0000  100.0000  100.0000  100.0000  100.0000  100.0000  100.0000  100.0000  100.0000
    0.0500    0.0000   83.4267   98.4400   99.9067   99.9933  100.0000  100.0000  100.0000  100.0000  100.0000  100.0000
    0.1000    0.0000   71.8757   95.0933   99.3993   99.9411   99.9954   99.9997  100.0000  100.0000  100.0000  100.0000
    0.1500    0.0000   63.5128   91.1229   98.4226   99.7792   99.9746   99.9976   99.9998  100.0000  100.0000  100.0000
    0.2000    0.0000   57.2401   87.0835   97.0620   99.4685   99.9205   99.9899   99.9989   99.9999  100.0000  100.0000
    0.2500    0.0000   52.3825   83.2248   95.4322   98.9977   99.8167   99.9714   99.9961   99.9995  100.0000  100.0001
    0.3000    0.0000   48.5136   79.6450   93.6362   98.3752   99.6516   99.9358   99.9897   99.9985   99.9999  100.0003
    0.3500    0.0000   45.3565   76.3689   91.7542   97.6202   99.4186   99.8773   99.9773   99.9963   99.9996  100.0007
    0.4000    0.0000   42.7263   73.3876   89.8444   96.7563   99.1160   99.7908   99.9564   99.9919   99.9989  100.0012
    0.4500    0.0000   40.4959   70.6781   87.9469   95.8071   98.7459   99.6726   99.9244   99.9845   99.9976  100.0020
    0.5000    0.0000   38.5760   68.2128   86.0878   94.7946   98.3130   99.5203   99.8789   99.9728   99.9953  100.0028
    0.5500    0.0000   36.9021   65.9644   84.2837   93.7376   97.8237   99.3330   99.8179   99.9555   99.9914  100.0034
    0.6000    0.0000   35.4266   63.9075   82.5439   92.6522   97.2847   99.1108   99.7396   99.9316   99.9855  100.0034
    0.6500    0.0000   34.1136   62.0195   80.8734   91.5512   96.7034   98.8546   99.6428   99.8999   99.9768  100.0025
    0.7000    0.0000   32.9355   60.2805   79.2736   90.4450   96.0866   98.5662   99.5269   99.8593   99.9647   99.9999
    0.7500    0.0000   31.8710   58.6734   77.7443   89.3417   95.4407   98.2478   99.3915   99.8089   99.9485   99.9950
    0.8000    0.0000   30.9030   57.1833   76.2835   88.2474   94.7717   97.9017   99.2365   99.7479   99.9273   99.9870
    0.8500    0.0000   30.0179   55.7974   74.8888   87.1671   94.0847   97.5305   99.0623   99.6758   99.9004   99.9752
    0.9000    0.0000   29.2044   54.5046   73.5572   86.1042   93.3844   97.1369   98.8694   99.5922   99.8671   99.9588
    0.9500    0.0000   28.4535   53.2954   72.2855   85.0611   92.6748   96.7234   98.6587   99.4966   99.8269   99.9369
    1.0000    0.0000   27.7575   52.1613   71.0704   84.0399   91.9594   96.2924   98.4308   99.3890   99.7789   99.9089
    1.0500    0.0000   27.1101   51.0952   69.9086   83.0415   91.2411   95.8463   98.1869   99.2693   99.7227   99.8739
    1.1000    0.0000   26.5059   50.0907   68.7971   82.0667   90.5224   95.3873   97.9279   99.1375   99.6578   99.8313
    1.1500    0.0000   25.9402   49.1421   67.7329   81.1160   89.8054   94.9173   97.6548   98.9937   99.5838   99.7805
    1.2000    0.0000   25.4093   48.2447   66.7131   80.1893   89.0919   94.4381   97.3687   98.8381   99.5004   99.7211
    1.2500    0.0000   24.9096   47.3940   65.7351   79.2865   88.3833   93.9515   97.0706   98.6709   99.4071   99.6525
    1.3000    0.0000   24.4383   46.5862   64.7964   78.4073   87.6808   93.4590   96.7615   98.4925   99.3040   99.5745
    1.3500    0.0000   23.9927   45.8178   63.8946   77.5514   86.9854   92.9617   96.4423   98.3032   99.1907   99.4866
    1.4000    0.0000   23.5706   45.0859   63.0277   76.7181   86.2979   92.4610   96.1139   98.1033   99.0673   99.3886
    1.4500    0.0000   23.1700   44.3876   62.1934   75.9069   85.6189   91.9580   95.7772   97.8932   98.9337   99.2805
    1.5000    0.0000   22.7891   43.7204   61.3901   75.1173   84.9489   91.4534   95.4329   97.6732   98.7898   99.1621
    1.5500    0.0000   22.4264   43.0822   60.6159   74.3485   84.2882   90.9482   95.0818   97.4438   98.6359   99.0333
    1.6000    0.0000   22.0804   42.4709   59.8691   73.5999   83.6371   90.4431   94.7245   97.2054   98.4720   98.8942
    1.6500    0.0000   21.7500   41.8847   59.1484   72.8708   82.9957   89.9386   94.3617   96.9583   98.2982   98.7449
    1.7000    0.0000   21.4340   41.3220   58.4522   72.1607   82.3643   89.4353   93.9940   96.7029   98.1147   98.5854
    1.7500    0.0000   21.1313   40.7811   57.7793   71.4687   81.7427   88.9338   93.6220   96.4396   97.9218   98.4158
    1.8000    0.0000   20.8411   40.2608   57.1283   70.7943   81.1311   88.4343   93.2460   96.1688   97.7196   98.2365
    1.8500    0.0000   20.5625   39.7598   56.4983   70.1368   80.5293   87.9373   92.8666   95.8909   97.5083   98.0475
    1.9000    0.0000   20.2948   39.2769   55.8880   69.4957   79.9373   87.4429   92.4841   95.6062   97.2883   97.8491
    1.9500    0.0000   20.0372   38.8111   55.2966   68.8702   79.3549   86.9515   92.0990   95.3150   97.0599   97.6415
    2.0000    0.0000   19.7892   38.3613   54.7230   68.2599   78.7820   86.4633   91.7116   95.0178   96.8232   97.4249
    2.0500    0.0000   19.5502   37.9266   54.1664   67.6641   78.2185   85.9784   91.3223   94.7148   96.5785   97.1998
    2.1000    0.0000   19.3196   37.5063   53.6259   67.0824   77.6642   85.4969   90.9312   94.4064   96.3263   96.9662
    2.1500    0.0000   19.0969   37.0995   53.1008   66.5141   77.1188   85.0190   90.5387   94.0928   96.0667   96.7246
    2.2000    0.0000   18.8817   36.7056   52.5904   65.9588   76.5823   84.5448   90.1450   93.7744   95.8000   96.4752
    2.2500    0.0000   18.6736   36.3237   52.0940   65.4160   76.0543   84.0742   89.7504   93.4514   95.5266   96.2183
    2.3000    0.0000   18.4722   35.9534   51.6109   64.8852   75.5348   83.6073   89.3550   93.1241   95.2467   95.9542
    2.3500    0.0000   18.2771   35.5940   51.1405   64.3660   75.0234   83.1442   88.9590   92.7929   94.9607   95.6833
    2.4000    0.0000   18.0880   35.2451   50.6823   63.8579   74.5201   82.6849   88.5627   92.4578   94.6687   95.4057
    2.4500    0.0000   17.9046   34.9060   50.2357   63.3605   74.0244   82.2294   88.1661   92.1193   94.3712   95.1218
    2.5000    0.0000   17.7266   34.5763   49.8002   62.8734   73.5364   81.7776   87.7693   91.7774   94.0683   94.8319
    2.5500    0.0000   17.5537   34.2555   49.3753   62.3963   73.0557   81.3296   87.3726   91.4325   93.7604   94.5363
    2.6000    0.0000   17.3857   33.9433   48.9605   61.9287   72.5821   80.8853   86.9761   91.0847   93.4476   94.2353
    2.6500    0.0000   17.2224   33.6392   48.5555   61.4703   72.1155   80.4446   86.5798   90.7343   93.1303   93.9290
    2.7000    0.0000   17.0635   33.3429   48.1598   61.0207   71.6556   80.0077   86.1838   90.3814   92.8088   93.6179
    2.7500    0.0000   16.9087   33.0541   47.7730   60.5797   71.2023   79.5743   85.7884   90.0263   92.4831   93.3021
    2.8000    0.0000   16.7580   32.7723   47.3948   60.1470   70.7553   79.1445   85.3934   89.6690   92.1537   92.9819
    2.8500    0.0000   16.6112   32.4973   47.0248   59.7221   70.3145   78.7182   84.9991   89.3099   91.8206   92.6575
    2.9000    0.0000   16.4680   32.2287   46.6626   59.3049   69.8797   78.2954   84.6054   88.9490   91.4842   92.3293
    2.9500    0.0000   16.3282   31.9664   46.3080   58.8950   69.4508   77.8759   84.2125   88.5866   91.1446   91.9973
    3.0000    0.0000   16.1919   31.7100   45.9607   58.4923   69.0275   77.4599   83.8204   88.2227   90.8021   91.6619
    3.0500    0.0000   16.0587   31.4593   45.6203   58.0964   68.6096   77.0472   83.4292   87.8575   90.4569   91.3233
    3.1000    0.0000   15.9286   31.2141   45.2866   57.7071   68.1971   76.6377   83.0389   87.4912   90.1090   90.9817
    3.1500    0.0000   15.8014   30.9741   44.9594   57.3242   67.7898   76.2314   82.6496   87.1238   89.7588   90.6372
    3.2000    0.0000   15.6771   30.7391   44.6383   56.9474   67.3875   75.8283   82.2613   86.7555   89.4064   90.2900
    3.2500    0.0000   15.5554   30.5089   44.3232   56.5765   66.9900   75.4283   81.8741   86.3865   89.0520   89.9405
    3.3000    0.0000   15.4363   30.2833   44.0138   56.2114   66.5973   75.0313   81.4880   86.0168   88.6957   89.5886
    3.3500    0.0000   15.3197   30.0622   43.7100   55.8518   66.2092   74.6373   81.1030   85.6466   88.3377   89.2347
    3.4000    0.0000   15.2054   29.8454   43.4114   55.4976   65.8256   74.2463   80.7192   85.2759   87.9781   88.8788
    3.4500    0.0000   15.0934   29.6326   43.1180   55.1485   65.4463   73.8582   80.3365   84.9048   87.6171   88.5212
    3.5000    0.0000   14.9837   29.4238   42.8294   54.8044   65.0712   73.4729   79.9551   84.5335   87.2549   88.1620
    3.5500    0.0000   14.8760   29.2188   42.5456   54.4651   64.7002   73.0904   79.5750   84.1620   86.8915   87.8013
    3.6000    0.0000   14.7703   29.0174   42.2664   54.1306   64.3332   72.7106   79.1961   83.7905   86.5271   87.4392
    3.6500    0.0000   14.6666   28.8195   41.9916   53.8005   63.9701   72.3336   78.8185   83.4189   86.1617   87.0760
    3.7000    0.0000   14.5648   28.6250   41.7211   53.4748   63.6107   71.9592   78.4423   83.0475   85.7957   86.7117
    3.7500    0.0000   14.4648   28.4338   41.4546   53.1533   63.2551   71.5874   78.0674   82.6762   85.4289   86.3465
    3.8000    0.0000   14.3665   28.2457   41.1922   52.8360   62.9030   71.2182   77.6938   82.3051   85.0616   85.9805
    3.8500    0.0000   14.2699   28.0607   40.9335   52.5226   62.5543   70.8515   77.3216   81.9343   84.6939   85.6137
    3.9000    0.0000   14.1748   27.8785   40.6786   52.2130   62.2091   70.4874   76.9509   81.5639   84.3258   85.2464
    3.9500    0.0000   14.0814   27.6992   40.4272   51.9072   61.8672   70.1256   76.5815   81.1939   83.9574   84.8786
    4.0000    0.0000   13.9894   27.5226   40.1793   51.6050   61.5285   69.7663   76.2135   80.8243   83.5889   84.5104
    4.0500    0.0000   13.8989   27.3486   39.9348   51.3063   61.1929   69.4094   75.8469   80.4554   83.2202   84.1419
    4.1000    0.0000   13.8097   27.1771   39.6934   51.0110   60.8604   69.0547   75.4818   80.0870   82.8516   83.7731
    4.1500    0.0000   13.7219   27.0081   39.4552   50.7190   60.5309   68.7024   75.1182   79.7192   82.4830   83.4043
    4.2000    0.0000   13.6354   26.8415   39.2201   50.4302   60.2042   68.3524   74.7559   79.3521   82.1146   83.0354
    4.2500    0.0000   13.5502   26.6771   38.9878   50.1445   59.8805   68.0046   74.3952   78.9857   81.7464   82.6666
    4.3000    0.0000   13.4661   26.5150   38.7584   49.8619   59.5595   67.6590   74.0359   78.6201   81.3784   82.2979
    4.3500    0.0000   13.3832   26.3549   38.5318   49.5822   59.2412   67.3155   73.6781   78.2554   81.0109   81.9293
    4.4000    0.0000   13.3015   26.1970   38.3078   49.3053   58.9256   66.9743   73.3218   77.8914   80.6437   81.5611
    4.4500    0.0000   13.2208   26.0410   38.0864   49.0312   58.6125   66.6351   72.9670   77.5284   80.2769   81.1931
    4.5000    0.0000   13.1412   25.8870   37.8676   48.7599   58.3021   66.2980   72.6136   77.1663   79.9107   80.8256
    4.5500    0.0000   13.0627   25.7349   37.6511   48.4912   57.9940   65.9630   72.2618   76.8051   79.5451   80.4584
    4.6000    0.0000   12.9851   25.5846   37.4371   48.2250   57.6885   65.6299   71.9114   76.4450   79.1801   80.0918
    4.6500    0.0000   12.9084   25.4361   37.2253   47.9613   57.3852   65.2989   71.5626   76.0858   78.8158   79.7257
    4.7000    0.0000   12.8327   25.2892   37.0158   47.7001   57.0844   64.9699   71.2153   75.7277   78.4521   79.3603
    4.7500    0.0000   12.7579   25.1441   36.8084   47.4413   56.7858   64.6428   70.8694   75.3706   78.0892   78.9955
    4.8000    0.0000   12.6840   25.0005   36.6032   47.1847   56.4894   64.3177   70.5251   75.0147   77.7272   78.6313
    4.8500    0.0000   12.6109   24.8585   36.4000   46.9305   56.1952   63.9945   70.1823   74.6598   77.3659   78.2680
    4.9000    0.0000   12.5387   24.7180   36.1988   46.6784   55.9032   63.6731   69.8410   74.3061   77.0055   77.9054
    4.9500    0.0000   12.4672   24.5790   35.9995   46.4285   55.6133   63.3536   69.5012   73.9535   76.6461   77.5436
    5.0000    0.0000   12.3965   24.4415   35.8022   46.1807   55.3254   63.0360   69.1629   73.6022   76.2876   77.1827
    5.0500    0.0000   12.3266   24.3053   35.6066   45.9350   55.0396   62.7202   68.8261   73.2520   75.9300   76.8227
    5.1000    0.0000   12.2574   24.1705   35.4129   45.6912   54.7558   62.4061   68.4909   72.9030   75.5734   76.4636
    5.1500    0.0000   12.1889   24.0370   35.2210   45.4494   54.4739   62.0939   68.1571   72.5553   75.2179   76.1054
    5.2000    0.0000   12.1211   23.9048   35.0307   45.2096   54.1940   61.7834   67.8249   72.2088   74.8634   75.7483
    5.2500    0.0000   12.0539   23.7739   34.8421   44.9716   53.9159   61.4747   67.4941   71.8636   74.5100   75.3922
    5.3000    0.0000   11.9875   23.6441   34.6552   44.7355   53.6397   61.1677   67.1649   71.5196   74.1577   75.0371
    5.3500    0.0000   11.9216   23.5156   34.4698   44.5012   53.3654   60.8624   66.8371   71.1769   73.8065   74.6831
    5.4000    0.0000   11.8564   23.3882   34.2860   44.2686   53.0928   60.5588   66.5109   70.8355   73.4565   74.3301
    5.4500    0.0000   11.7918   23.2620   34.1037   44.0378   52.8221   60.2568   66.1861   70.4954   73.1076   73.9783
    5.5000    0.0000   11.7278   23.1368   33.9229   43.8087   52.5530   59.9566   65.8629   70.1567   72.7599   73.6277
    5.5500    0.0000   11.6643   23.0128   33.7436   43.5812   52.2857   59.6580   65.5411   69.8192   72.4134   73.2781
    5.6000    0.0000   11.6014   22.8898   33.5657   43.3554   52.0201   59.3610   65.2209   69.4831   72.0681   72.9298
    5.6500    0.0000   11.5391   22.7678   33.3891   43.1312   51.7562   59.0656   64.9021   69.1483   71.7241   72.5827
    5.7000    0.0000   11.4773   22.6468   33.2140   42.9086   51.4939   58.7718   64.5848   68.8149   71.3813   72.2367
    5.7500    0.0000   11.4160   22.5268   33.0401   42.6875   51.2332   58.4796   64.2689   68.4828   71.0397   71.8920
    5.8000    0.0000   11.3552   22.4078   32.8676   42.4679   50.9741   58.1890   63.9546   68.1521   70.6994   71.5485
    5.8500    0.0000   11.2949   22.2897   32.6963   42.2498   50.7166   57.8999   63.6417   67.8228   70.3604   71.2063
    5.9000    0.0000   11.2351   22.1725   32.5263   42.0332   50.4607   57.6124   63.3303   67.4948   70.0227   70.8654
    5.9500    0.0000   11.1758   22.0563   32.3576   41.8181   50.2063   57.3264   63.0203   67.1681   69.6863   70.5257
    6.0000    0.0000   11.1170   21.9409   32.1900   41.6043   49.9534   57.0419   62.7118   66.8429   69.3512   70.1873
    6.0500    0.0000   11.0586   21.8263   32.0236   41.3920   49.7021   56.7590   62.4048   66.5190   69.0174   69.8502
    6.1000    0.0000   11.0006   21.7127   31.8584   41.1810   49.4522   56.4775   62.0992   66.1966   68.6850   69.5145
    6.1500    0.0000   10.9431   21.5998   31.6944   40.9714   49.2037   56.1975   61.7951   65.8755   68.3539   69.1800
    6.2000    0.0000   10.8861   21.4878   31.5314   40.7631   48.9567   55.9190   61.4923   65.5558   68.0241   68.8469
    6.2500    0.0000   10.8294   21.3766   31.3696   40.5562   48.7112   55.6419   61.1911   65.2374   67.6956   68.5150
    6.3000    0.0000   10.7732   21.2661   31.2088   40.3505   48.4670   55.3663   60.8912   64.9205   67.3686   68.1846
    6.3500    0.0000   10.7173   21.1565   31.0492   40.1461   48.2243   55.0922   60.5928   64.6050   67.0428   67.8555
    6.4000    0.0000   10.6619   21.0476   30.8905   39.9430   47.9829   54.8194   60.2958   64.2908   66.7185   67.5277
    6.4500    0.0000   10.6068   20.9394   30.7329   39.7411   47.7429   54.5481   60.0002   63.9780   66.3955   67.2013
    6.5000    0.0000   10.5522   20.8319   30.5764   39.5404   47.5043   54.2782   59.7061   63.6667   66.0738   66.8762
    6.5500    0.0000   10.4979   20.7252   30.4208   39.3410   47.2669   54.0097   59.4133   63.3567   65.7535   66.5525
    6.6000    0.0000   10.4440   20.6192   30.2662   39.1427   47.0310   53.7426   59.1220   63.0481   65.4346   66.2302
    6.6500    0.0000   10.3904   20.5139   30.1126   38.9457   46.7963   53.4768   58.8320   62.7409   65.1171   65.9092
    6.7000    0.0000   10.3372   20.4093   29.9600   38.7498   46.5629   53.2124   58.5434   62.4350   64.8010   65.5896
    6.7500    0.0000   10.2844   20.3053   29.8083   38.5550   46.3308   52.9494   58.2562   62.1306   64.4862   65.2714
    6.8000    0.0000   10.2319   20.2021   29.6575   38.3614   46.1000   52.6877   57.9704   61.8275   64.1728   64.9546
    6.8500    0.0000   10.1797   20.0994   29.5076   38.1689   45.8705   52.4274   57.6860   61.5259   63.8608   64.6391
    6.9000    0.0000   10.1279   19.9974   29.3587   37.9775   45.6422   52.1684   57.4029   61.2256   63.5502   64.3250
    6.9500    0.0000   10.0764   19.8961   29.2107   37.7872   45.4151   51.9107   57.1212   60.9266   63.2409   64.0123
    7.0000    0.0000   10.0252   19.7954   29.0635   37.5980   45.1893   51.6543   56.8409   60.6291   62.9330   63.7010
    7.0500    0.0000    9.9744   19.6953   28.9172   37.4099   44.9646   51.3993   56.5619   60.3329   62.6265   63.3911
    7.1000    0.0000    9.9238   19.5958   28.7718   37.2228   44.7412   51.1455   56.2843   60.0381   62.3214   63.0825
    7.1500    0.0000    9.8736   19.4969   28.6272   37.0368   44.5190   50.8931   56.0080   59.7447   62.0177   62.7753
    7.2000    0.0000    9.8237   19.3986   28.4835   36.8519   44.2980   50.6419   55.7330   59.4526   61.7153   62.4695
    7.2500    0.0000    9.7741   19.3009   28.3406   36.6679   44.0781   50.3919   55.4594   59.1619   61.4143   62.1651
    7.3000    0.0000    9.7248   19.2038   28.1985   36.4850   43.8594   50.1433   55.1870   58.8725   61.1146   61.8620
    7.3500    0.0000    9.6758   19.1072   28.0573   36.3031   43.6419   49.8959   54.9161   58.5845   60.8164   61.5603
    7.4000    0.0000    9.6270   19.0112   27.9168   36.1222   43.4255   49.6497   54.6464   58.2979   60.5195   61.2600
    7.4500    0.0000    9.5786   18.9158   27.7772   35.9423   43.2103   49.4048   54.3780   58.0126   60.2240   60.9611
    7.5000    0.0000    9.5305   18.8209   27.6383   35.7633   42.9961   49.1612   54.1109   57.7286   59.9298   60.6635
    7.5500    0.0000    9.4826   18.7266   27.5002   35.5854   42.7831   48.9187   53.8452   57.4460   59.6370   60.3673
    7.6000    0.0000    9.4350   18.6328   27.3629   35.4084   42.5713   48.6775   53.5807   57.1647   59.3455   60.0725
    7.6500    0.0000    9.3877   18.5395   27.2264   35.2323   42.3605   48.4375   53.3175   56.8847   59.0554   59.7790
    7.7000    0.0000    9.3407   18.4468   27.0906   35.0572   42.1508   48.1987   53.0556   56.6061   58.7667   59.4869
    7.7500    0.0000    9.2939   18.3546   26.9555   34.8831   41.9422   47.9611   52.7949   56.3287   58.4793   59.1961
    7.8000    0.0000    9.2474   18.2629   26.8212   34.7099   41.7347   47.7247   52.5356   56.0527   58.1932   58.9067
    7.8500    0.0000    9.2011   18.1717   26.6876   34.5376   41.5283   47.4895   52.2775   55.7781   57.9085   58.6186
    7.9000    0.0000    9.1552   18.0810   26.5548   34.3662   41.3229   47.2554   52.0206   55.5047   57.6251   58.3319
    7.9500    0.0000    9.1094   17.9909   26.4227   34.1957   41.1186   47.0225   51.7650   55.2326   57.3430   58.0465
    8.0000    0.0000    9.0640   17.9012   26.2913   34.0261   40.9153   46.7908   51.5106   54.9618   57.0623   57.7625
    8.0500    0.0000    9.0187   17.8120   26.1606   33.8574   40.7131   46.5603   51.2575   54.6923   56.7829   57.4797
    8.1000    0.0000    8.9738   17.7233   26.0306   33.6896   40.5119   46.3309   51.0057   54.4241   56.5048   57.1984
    8.1500    0.0000    8.9290   17.6351   25.9013   33.5227   40.3118   46.1026   50.7550   54.1572   56.2280   56.9183
    8.2000    0.0000    8.8846   17.5474   25.7727   33.3567   40.1126   45.8755   50.5056   53.8916   55.9526   56.6396
    8.2500    0.0000    8.8403   17.4601   25.6448   33.1915   39.9145   45.6495   50.2574   53.6272   55.6784   56.3622
    8.3000    0.0000    8.7963   17.3733   25.5175   33.0272   39.7174   45.4246   50.0104   53.3641   55.4056   56.0861
    8.3500    0.0000    8.7526   17.2870   25.3909   32.8637   39.5213   45.2009   49.7646   53.1023   55.1340   55.8113
    8.4000    0.0000    8.7091   17.2011   25.2650   32.7011   39.3262   44.9783   49.5200   52.8417   54.8638   55.5378
    8.4500    0.0000    8.6658   17.1157   25.1398   32.5393   39.1321   44.7568   49.2766   52.5824   54.5948   55.2656
    8.5000    0.0000    8.6227   17.0308   25.0152   32.3784   38.9390   44.5363   49.0344   52.3244   54.3271   54.9947
    8.5500    0.0000    8.5799   16.9463   24.8913   32.2183   38.7468   44.3170   48.7934   52.0675   54.0607   54.7251
    8.6000    0.0000    8.5373   16.8622   24.7680   32.0590   38.5556   44.0988   48.5535   51.8120   53.7956   54.4568
    8.6500    0.0000    8.4950   16.7786   24.6454   31.9005   38.3654   43.8816   48.3148   51.5576   53.5318   54.1898
    8.7000    0.0000    8.4528   16.6955   24.5234   31.7429   38.1762   43.6656   48.0773   51.3045   53.2692   53.9241
    8.7500    0.0000    8.4109   16.6127   24.4020   31.5860   37.9879   43.4506   47.8410   51.0526   53.0079   53.6596
    8.8000    0.0000    8.3692   16.5304   24.2813   31.4300   37.8005   43.2367   47.6058   50.8020   52.7478   53.3964
    8.8500    0.0000    8.3277   16.4486   24.1612   31.2748   37.6141   43.0238   47.3718   50.5525   52.4890   53.1345
    8.9000    0.0000    8.2864   16.3671   24.0417   31.1203   37.4287   42.8120   47.1389   50.3043   52.2314   52.8738
    8.9500    0.0000    8.2454   16.2861   23.9228   30.9666   37.2441   42.6012   46.9072   50.0572   51.9751   52.6143
    9.0000    0.0000    8.2046   16.2055   23.8045   30.8138   37.0605   42.3915   46.6766   49.8114   51.7200   52.3562
    9.0500    0.0000    8.1640   16.1253   23.6869   30.6617   36.8778   42.1828   46.4471   49.5667   51.4661   52.0992
    9.1000    0.0000    8.1235   16.0456   23.5698   30.5103   36.6960   41.9752   46.2187   49.3233   51.2135   51.8435
    9.1500    0.0000    8.0833   15.9662   23.4534   30.3597   36.5152   41.7686   45.9915   49.0810   50.9620   51.5891
    9.2000    0.0000    8.0434   15.8873   23.3375   30.2099   36.3352   41.5630   45.7654   48.8399   50.7118   51.3358
    9.2500    0.0000    8.0036   15.8087   23.2223   30.0609   36.1562   41.3584   45.5403   48.6000   50.4629   51.0838
    9.3000    0.0000    7.9640   15.7306   23.1076   29.9126   35.9780   41.1549   45.3164   48.3612   50.2151   50.8330
    9.3500    0.0000    7.9246   15.6529   22.9935   29.7650   35.8007   40.9523   45.0936   48.1236   49.9685   50.5834
    9.4000    0.0000    7.8855   15.5755   22.8800   29.6182   35.6244   40.7508   44.8719   47.8872   49.7231   50.3351
    9.4500    0.0000    7.8465   15.4986   22.7670   29.4722   35.4489   40.5502   44.6513   47.6519   49.4789   50.0879
    9.5000    0.0000    7.8077   15.4221   22.6547   29.3269   35.2742   40.3506   44.4317   47.4177   49.2359   49.8419
    9.5500    0.0000    7.7691   15.3459   22.5429   29.1823   35.1005   40.1521   44.2132   47.1847   48.9941   49.5972
    9.6000    0.0000    7.7308   15.2701   22.4316   29.0384   34.9276   39.9545   43.9958   46.9529   48.7534   49.3536
    9.6500    0.0000    7.6926   15.1948   22.3210   28.8952   34.7555   39.7579   43.7795   46.7221   48.5139   49.1112
    9.7000    0.0000    7.6546   15.1198   22.2109   28.7528   34.5844   39.5622   43.5642   46.4925   48.2756   48.8699
    9.7500    0.0000    7.6168   15.0451   22.1013   28.6111   34.4140   39.3675   43.3500   46.2640   48.0384   48.6299
    9.8000    0.0000    7.5792   14.9709   21.9923   28.4701   34.2446   39.1738   43.1368   46.0367   47.8024   48.3910
    9.8500    0.0000    7.5418   14.8970   21.8838   28.3298   34.0759   38.9810   42.9247   45.8104   47.5676   48.1533
    9.9000    0.0000    7.5046   14.8235   21.7759   28.1902   33.9081   38.7892   42.7136   45.5852   47.3338   47.9167
    9.9500    0.0000    7.4675   14.7504   21.6686   28.0513   33.7412   38.5984   42.5036   45.3612   47.1013   47.6813
   10.0000    0.0000    7.4307   14.6776   21.5617   27.9131   33.5751   38.4084   42.2946   45.1382   46.8698   47.4470
   10.0500    0.0000    7.3940   14.6053   21.4555   27.7755   33.4097   38.2195   42.0866   44.9164   46.6395   47.2139
   10.1000    0.0000    7.3576   14.5332   21.3497   27.6387   33.2453   38.0314   41.8796   44.6956   46.4103   46.9819
   10.1500    0.0000    7.3213   14.4616   21.2445   27.5026   33.0816   37.8443   41.6737   44.4759   46.1822   46.7510
   10.2000    0.0000    7.2852   14.3903   21.1398   27.3671   32.9187   37.6581   41.4688   44.2573   45.9553   46.5213
   10.2500    0.0000    7.2493   14.3193   21.0356   27.2323   32.7567   37.4728   41.2648   44.0397   45.7294   46.2927
   10.3000    0.0000    7.2135   14.2487   20.9319   27.0982   32.5954   37.2884   41.0619   43.8232   45.5047   46.0652
   10.3500    0.0000    7.1779   14.1785   20.8288   26.9647   32.4350   37.1050   40.8600   43.6078   45.2810   45.8388
   10.4000    0.0000    7.1426   14.1086   20.7262   26.8319   32.2753   36.9224   40.6590   43.3934   45.0585   45.6135
   10.4500    0.0000    7.1074   14.0391   20.6241   26.6998   32.1165   36.7408   40.4591   43.1801   44.8370   45.3893
   10.5000    0.0000    7.0723   13.9699   20.5225   26.5683   31.9584   36.5600   40.2601   42.9678   44.6166   45.1662
   10.5500    0.0000    7.0375   13.9011   20.4214   26.4375   31.8011   36.3801   40.0621   42.7565   44.3973   44.9442
   10.6000    0.0000    7.0028   13.8326   20.3208   26.3073   31.6446   36.2012   39.8651   42.5463   44.1791   44.7233
   10.6500    0.0000    6.9683   13.7644   20.2207   26.1778   31.4888   36.0231   39.6690   42.3371   43.9619   44.5035
   10.7000    0.0000    6.9339   13.6966   20.1211   26.0489   31.3338   35.8458   39.4739   42.1290   43.7458   44.2847
   10.7500    0.0000    6.8998   13.6292   20.0220   25.9206   31.1796   35.6695   39.2798   41.9218   43.5308   44.0671
   10.8000    0.0000    6.8658   13.5620   19.9234   25.7930   31.0262   35.4940   39.0866   41.7157   43.3168   43.8504
   10.8500    0.0000    6.8320   13.4952   19.8253   25.6661   30.8735   35.3194   38.8944   41.5106   43.1038   43.6349
   10.9000    0.0000    6.7983   13.4288   19.7277   25.5397   30.7216   35.1457   38.7031   41.3065   42.8919   43.4204
   10.9500    0.0000    6.7648   13.3626   19.6305   25.4140   30.5704   34.9728   38.5128   41.1034   42.6810   43.2069
   11.0000    0.0000    6.7315   13.2968   19.5339   25.2889   30.4200   34.8007   38.3234   40.9013   42.4712   42.9945
   11.0500    0.0000    6.6983   13.2313   19.4377   25.1644   30.2703   34.6295   38.1349   40.7002   42.2624   42.7831
   11.1000    0.0000    6.6654   13.1662   19.3420   25.0406   30.1213   34.4592   37.9473   40.5001   42.0546   42.5728
   11.1500    0.0000    6.6325   13.1013   19.2468   24.9173   29.9731   34.2896   37.7607   40.3009   41.8478   42.3635
   11.2000    0.0000    6.5999   13.0368   19.1520   24.7947   29.8256   34.1210   37.5750   40.1028   41.6421   42.1552
   11.2500    0.0000    6.5674   12.9726   19.0578   24.6726   29.6789   33.9531   37.3902   39.9056   41.4374   41.9480
   11.3000    0.0000    6.5350   12.9088   18.9639   24.5512   29.5328   33.7861   37.2063   39.7093   41.2336   41.7417
   11.3500    0.0000    6.5028   12.8452   18.8706   24.4304   29.3875   33.6199   37.0233   39.5141   41.0309   41.5365
   11.4000    0.0000    6.4708   12.7820   18.7777   24.3101   29.2429   33.4545   36.8412   39.3198   40.8291   41.3323
   11.4500    0.0000    6.4390   12.7190   18.6853   24.1905   29.0990   33.2899   36.6600   39.1264   40.6284   41.1290
   11.5000    0.0000    6.4073   12.6564   18.5933   24.0715   28.9559   33.1262   36.4797   38.9340   40.4286   40.9268
   11.5500    0.0000    6.3757   12.5941   18.5018   23.9530   28.8134   32.9632   36.3003   38.7425   40.2298   40.7256
   11.6000    0.0000    6.3443   12.5321   18.4107   23.8351   28.6716   32.8011   36.1218   38.5520   40.0320   40.5253
   11.6500    0.0000    6.3131   12.4704   18.3201   23.7178   28.5306   32.6397   35.9441   38.3624   39.8351   40.3261
   11.7000    0.0000    6.2820   12.4091   18.2299   23.6011   28.3902   32.4792   35.7673   38.1738   39.6393   40.1278
   11.7500    0.0000    6.2511   12.3480   18.1402   23.4850   28.2505   32.3194   35.5914   37.9861   39.4444   39.9304
   11.8000    0.0000    6.2203   12.2872   18.0510   23.3694   28.1115   32.1604   35.4164   37.7992   39.2504   39.7341
   11.8500    0.0000    6.1897   12.2267   17.9621   23.2544   27.9732   32.0022   35.2422   37.6134   39.0574   39.5387
   11.9000    0.0000    6.1593   12.1666   17.8737   23.1400   27.8356   31.8448   35.0689   37.4284   38.8653   39.3443
   11.9500    0.0000    6.1289   12.1067   17.7858   23.0262   27.6987   31.6882   34.8964   37.2443   38.6742   39.1508
   12.0000    0.0000    6.0988   12.0471   17.6983   22.9129   27.5624   31.5323   34.7248   37.0612   38.4840   38.9583
   12.0500    0.0000    6.0688   11.9878   17.6112   22.8001   27.4268   31.3772   34.5540   36.8789   38.2948   38.7667
   12.1000    0.0000    6.0389   11.9288   17.5245   22.6880   27.2919   31.2229   34.3840   36.6975   38.1064   38.5761
   12.1500    0.0000    6.0092   11.8701   17.4383   22.5763   27.1576   31.0693   34.2149   36.5171   37.9191   38.3864
   12.2000    0.0000    5.9796   11.8117   17.3525   22.4653   27.0240   30.9165   34.0466   36.3375   37.7326   38.1976
   12.2500    0.0000    5.9502   11.7536   17.2671   22.3547   26.8911   30.7644   33.8792   36.1588   37.5470   38.0098
   12.3000    0.0000    5.9209   11.6957   17.1821   22.2447   26.7588   30.6131   33.7125   35.9809   37.3624   37.8229
   12.3500    0.0000    5.8918   11.6382   17.0976   22.1353   26.6272   30.4625   33.5467   35.8040   37.1786   37.6369
   12.4000    0.0000    5.8628   11.5809   17.0135   22.0264   26.4962   30.3126   33.3817   35.6279   36.9958   37.4518
   12.4500    0.0000    5.8339   11.5239   16.9297   21.9180   26.3658   30.1635   33.2176   35.4527   36.8139   37.2676
   12.5000    0.0000    5.8052   11.4672   16.8464   21.8102   26.2361   30.0152   33.0542   35.2783   36.6328   37.0843
   12.5500    0.0000    5.7766   11.4108   16.7636   21.7029   26.1071   29.8675   32.8916   35.1048   36.4527   36.9019
   12.6000    0.0000    5.7482   11.3547   16.6811   21.5961   25.9786   29.7206   32.7298   34.9322   36.2734   36.7205
   12.6500    0.0000    5.7199   11.2988   16.5990   21.4899   25.8509   29.5744   32.5689   34.7604   36.0950   36.5399
   12.7000    0.0000    5.6918   11.2432   16.5173   21.3842   25.7237   29.4290   32.4087   34.5894   35.9175   36.3602
   12.7500    0.0000    5.6638   11.1879   16.4361   21.2790   25.5971   29.2842   32.2493   34.4193   35.7408   36.1814
   12.8000    0.0000    5.6359   11.1328   16.3552   21.1743   25.4712   29.1402   32.0906   34.2500   35.5651   36.0034
   12.8500    0.0000    5.6082   11.0781   16.2748   21.0701   25.3459   28.9968   31.9328   34.0816   35.3902   35.8264
   12.9000    0.0000    5.5806   11.0236   16.1947   20.9665   25.2213   28.8542   31.7758   33.9140   35.2161   35.6502
   12.9500    0.0000    5.5531   10.9693   16.1150   20.8633   25.0972   28.7123   31.6195   33.7472   35.0429   35.4748
   13.0000    0.0000    5.5258   10.9154   16.0357   20.7607   24.9737   28.5710   31.4640   33.5812   34.8706   35.3004
   13.0500    0.0000    5.4986   10.8617   15.9568   20.6586   24.8509   28.4305   31.3092   33.4160   34.6991   35.1268
   13.1000    0.0000    5.4716   10.8082   15.8783   20.5569   24.7287   28.2907   31.1552   33.2517   34.5284   34.9540
   13.1500    0.0000    5.4447   10.7550   15.8002   20.4558   24.6070   28.1515   31.0020   33.0881   34.3586   34.7821
   13.2000    0.0000    5.4179   10.7021   15.7225   20.3552   24.4860   28.0130   30.8495   32.9254   34.1896   34.6110
   13.2500    0.0000    5.3912   10.6495   15.6452   20.2551   24.3655   27.8753   30.6978   32.7635   34.0215   34.4408
   13.3000    0.0000    5.3647   10.5971   15.5682   20.1554   24.2457   27.7382   30.5468   32.6023   33.8542   34.2714
   13.3500    0.0000    5.3383   10.5450   15.4916   20.0563   24.1264   27.6017   30.3965   32.4420   33.6877   34.1029
   13.4000    0.0000    5.3120   10.4931   15.4154   19.9576   24.0077   27.4660   30.2470   32.2824   33.5220   33.9352
   13.4500    0.0000    5.2859   10.4415   15.3396   19.8594   23.8896   27.3309   30.0983   32.1236   33.3571   33.7683
   13.5000    0.0000    5.2599   10.3901   15.2641   19.7617   23.7721   27.1964   29.9502   31.9656   33.1930   33.6022
   13.5500    0.0000    5.2340   10.3390   15.1890   19.6645   23.6552   27.0627   29.8029   31.8084   33.0298   33.4369
   13.6000    0.0000    5.2083   10.2881   15.1143   19.5678   23.5388   26.9295   29.6563   31.6520   32.8673   33.2725
   13.6500    0.0000    5.1827   10.2375   15.0400   19.4716   23.4231   26.7971   29.5105   31.4963   32.7057   33.1088
   13.7000    0.0000    5.1572   10.1872   14.9660   19.3758   23.3079   26.6653   29.3653   31.3414   32.5448   32.9460
   13.7500    0.0000    5.1318   10.1370   14.8923   19.2805   23.1932   26.5341   29.2209   31.1873   32.3848   32.7840
   13.8000    0.0000    5.1065   10.0872   14.8191   19.1856   23.0791   26.4036   29.0772   31.0339   32.2255   32.6227
   13.8500    0.0000    5.0814   10.0376   14.7462   19.0912   22.9656   26.2737   28.9341   30.8812   32.0670   32.4623
   13.9000    0.0000    5.0564    9.9882   14.6737   18.9973   22.8526   26.1445   28.7918   30.7293   31.9093   32.3026
   13.9500    0.0000    5.0316    9.9390   14.6015   18.9039   22.7402   26.0159   28.6502   30.5782   31.7524   32.1437
   14.0000    0.0000    5.0068    9.8902   14.5297   18.8109   22.6284   25.8880   28.5093   30.4278   31.5962   31.9856
   14.0500    0.0000    4.9822    9.8415   14.4582   18.7184   22.5171   25.7606   28.3691   30.2781   31.4408   31.8283
   14.1000    0.0000    4.9577    9.7931   14.3871   18.6263   22.4063   25.6339   28.2295   30.1292   31.2861   31.6718
   14.1500    0.0000    4.9333    9.7449   14.3163   18.5347   22.2961   25.5078   28.0907   29.9810   31.1323   31.5160
   14.2000    0.0000    4.9090    9.6970   14.2459   18.4435   22.1864   25.3824   27.9525   29.8336   30.9792   31.3610
   14.2500    0.0000    4.8849    9.6493   14.1758   18.3528   22.0773   25.2575   27.8151   29.6868   30.8268   31.2068
   14.3000    0.0000    4.8608    9.6018   14.1061   18.2625   21.9687   25.1333   27.6782   29.5408   30.6752   31.0533
   14.3500    0.0000    4.8369    9.5546   14.0367   18.1727   21.8607   25.0097   27.5421   29.3955   30.5243   30.9005
   14.4000    0.0000    4.8131    9.5076   13.9676   18.0833   21.7531   24.8867   27.4066   29.2510   30.3742   30.7486
   14.4500    0.0000    4.7895    9.4608   13.8989   17.9944   21.6461   24.7643   27.2718   29.1071   30.2248   30.5973
   14.5000    0.0000    4.7659    9.4143   13.8306   17.9058   21.5397   24.6425   27.1377   28.9639   30.0761   30.4468
   14.5500    0.0000    4.7425    9.3680   13.7625   17.8178   21.4337   24.5212   27.0042   28.8215   29.9282   30.2971
   14.6000    0.0000    4.7191    9.3219   13.6948   17.7301   21.3283   24.4006   26.8714   28.6797   29.7810   30.1481
   14.6500    0.0000    4.6959    9.2760   13.6275   17.6429   21.2234   24.2806   26.7392   28.5387   29.6345   29.9998
   14.7000    0.0000    4.6728    9.2304   13.5604   17.5561   21.1190   24.1612   26.6077   28.3983   29.4888   29.8523
   14.7500    0.0000    4.6498    9.1850   13.4937   17.4698   21.0151   24.0424   26.4769   28.2586   29.3437   29.7054
   14.8000    0.0000    4.6270    9.1398   13.4274   17.3839   20.9118   23.9241   26.3466   28.1196   29.1994   29.5593
   14.8500    0.0000    4.6042    9.0949   13.3613   17.2983   20.8089   23.8064   26.2170   27.9813   29.0558   29.4139
   14.9000    0.0000    4.5815    9.0501   13.2956   17.2133   20.7065   23.6893   26.0881   27.8437   28.9129   29.2693
   14.9500    0.0000    4.5590    9.0056   13.2302   17.1286   20.6047   23.5728   25.9598   27.7068   28.7707   29.1253
   15.0000    0.0000    4.5366    8.9613   13.1651   17.0443   20.5034   23.4569   25.8321   27.5705   28.6292   28.9821
   15.0500    0.0000    4.5143    8.9172   13.1004   16.9605   20.4025   23.3415   25.7050   27.4349   28.4884   28.8395
   15.1000    0.0000    4.4921    8.8734   13.0359   16.8771   20.3022   23.2267   25.5786   27.2999   28.3482   28.6977
   15.1500    0.0000    4.4700    8.8297   12.9718   16.7941   20.2023   23.1124   25.4528   27.1657   28.2088   28.5565
   15.2000    0.0000    4.4480    8.7863   12.9080   16.7115   20.1029   22.9988   25.3276   27.0320   28.0701   28.4161
   15.2500    0.0000    4.4261    8.7431   12.8445   16.6293   20.0040   22.8856   25.2030   26.8991   27.9320   28.2763
   15.3000    0.0000    4.4043    8.7001   12.7813   16.5475   19.9057   22.7731   25.0791   26.7668   27.7946   28.1372
   15.3500    0.0000    4.3827    8.6573   12.7185   16.4661   19.8077   22.6611   24.9557   26.6351   27.6579   27.9988
   15.4000    0.0000    4.3611    8.6147   12.6559   16.3851   19.7103   22.5496   24.8330   26.5041   27.5219   27.8611
   15.4500    0.0000    4.3397    8.5723   12.5937   16.3045   19.6134   22.4387   24.7108   26.3738   27.3865   27.7241
   15.5000    0.0000    4.3183    8.5302   12.5317   16.2243   19.5169   22.3283   24.5893   26.2441   27.2518   27.5877
   15.5500    0.0000    4.2971    8.4882   12.4701   16.1445   19.4209   22.2185   24.4684   26.1150   27.1178   27.4520
   15.6000    0.0000    4.2759    8.4465   12.4087   16.0651   19.3254   22.1092   24.3480   25.9865   26.9844   27.3170
   15.6500    0.0000    4.2549    8.4049   12.3477   15.9861   19.2303   22.0005   24.2283   25.8587   26.8517   27.1827
   15.7000    0.0000    4.2340    8.3636   12.2870   15.9074   19.1357   21.8923   24.1091   25.7315   26.7196   27.0490
   15.7500    0.0000    4.2132    8.3224   12.2265   15.8292   19.0416   21.7846   23.9905   25.6050   26.5882   26.9159
   15.8000    0.0000    4.1924    8.2815   12.1664   15.7513   18.9480   21.6774   23.8725   25.4790   26.4574   26.7835
   15.8500    0.0000    4.1718    8.2408   12.1066   15.6739   18.8548   21.5708   23.7551   25.3537   26.3273   26.6518
   15.9000    0.0000    4.1513    8.2002   12.0470   15.5968   18.7620   21.4647   23.6382   25.2290   26.1978   26.5207
   15.9500    0.0000    4.1309    8.1599   11.9878   15.5201   18.6697   21.3592   23.5220   25.1049   26.0689   26.3903
   16.0000    0.0000    4.1106    8.1198   11.9288   15.4437   18.5779   21.2541   23.4063   24.9814   25.9407   26.2605
   16.0500    0.0000    4.0903    8.0798   11.8701   15.3678   18.4865   21.1496   23.2912   24.8586   25.8131   26.1313
   16.1000    0.0000    4.0702    8.0401   11.8117   15.2922   18.3956   21.0455   23.1766   24.7363   25.6862   26.0028
   16.1500    0.0000    4.0502    8.0005   11.7536   15.2170   18.3051   20.9420   23.0626   24.6146   25.5598   25.8749
   16.2000    0.0000    4.0303    7.9612   11.6958   15.1421   18.2151   20.8390   22.9492   24.4936   25.4341   25.7476
   16.2500    0.0000    4.0105    7.9220   11.6383   15.0676   18.1255   20.7365   22.8363   24.3731   25.3090   25.6210
   16.3000    0.0000    3.9907    7.8831   11.5811   14.9935   18.0364   20.6345   22.7240   24.2532   25.1845   25.4950
   16.3500    0.0000    3.9711    7.8443   11.5241   14.9198   17.9476   20.5330   22.6122   24.1339   25.0607   25.3696
   16.4000    0.0000    3.9516    7.8057   11.4674   14.8464   17.8594   20.4320   22.5010   24.0152   24.9374   25.2448
   16.4500    0.0000    3.9321    7.7673   11.4110   14.7734   17.7715   20.3315   22.3903   23.8971   24.8147   25.1206
   16.5000    0.0000    3.9128    7.7291   11.3549   14.7007   17.6841   20.2315   22.2802   23.7796   24.6927   24.9971
   16.5500    0.0000    3.8935    7.6911   11.2990   14.6284   17.5971   20.1320   22.1706   23.6626   24.5712   24.8741
   16.6000    0.0000    3.8744    7.6533   11.2435   14.5564   17.5106   20.0330   22.0616   23.5462   24.4504   24.7518
   16.6500    0.0000    3.8553    7.6156   11.1881   14.4849   17.4245   19.9345   21.9531   23.4304   24.3301   24.6300
   16.7000    0.0000    3.8364    7.5782   11.1331   14.4136   17.3387   19.8364   21.8451   23.3152   24.2105   24.5089
   16.7500    0.0000    3.8175    7.5409   11.0784   14.3427   17.2535   19.7389   21.7376   23.2005   24.0914   24.3884
   16.8000    0.0000    3.7987    7.5038   11.0239   14.2722   17.1686   19.6418   21.6307   23.0864   23.9729   24.2684
   16.8500    0.0000    3.7800    7.4669   10.9696   14.2020   17.0842   19.5452   21.5243   22.9728   23.8550   24.1490
   16.9000    0.0000    3.7614    7.4302   10.9157   14.1321   17.0001   19.4490   21.4185   22.8598   23.7377   24.0303
   16.9500    0.0000    3.7429    7.3936   10.8620   14.0626   16.9165   19.3534   21.3131   22.7474   23.6209   23.9121
   17.0000    0.0000    3.7245    7.3572   10.8086   13.9934   16.8333   19.2582   21.2083   22.6355   23.5047   23.7945
   17.0500    0.0000    3.7062    7.3211   10.7554   13.9246   16.7505   19.1635   21.1040   22.5242   23.3891   23.6774
   17.1000    0.0000    3.6880    7.2851   10.7025   13.8561   16.6681   19.0692   21.0002   22.4134   23.2741   23.5610
   17.1500    0.0000    3.6698    7.2492   10.6499   13.7880   16.5861   18.9754   20.8969   22.3032   23.1596   23.4451
   17.2000    0.0000    3.6518    7.2136   10.5975   13.7202   16.5046   18.8821   20.7941   22.1935   23.0457   23.3298
   17.2500    0.0000    3.6338    7.1781   10.5454   13.6527   16.4234   18.7892   20.6918   22.0843   22.9323   23.2150
   17.3000    0.0000    3.6160    7.1428   10.4935   13.5855   16.3426   18.6968   20.5900   21.9757   22.8195   23.1008
   17.3500    0.0000    3.5982    7.1076   10.4419   13.5187   16.2622   18.6048   20.4888   21.8676   22.7073   22.9872
   17.4000    0.0000    3.5805    7.0727   10.3905   13.4522   16.1822   18.5133   20.3880   21.7600   22.5956   22.8741
   17.4500    0.0000    3.5629    7.0379   10.3394   13.3860   16.1026   18.4223   20.2877   21.6530   22.4845   22.7616
   17.5000    0.0000    3.5453    7.0033   10.2886   13.3202   16.0234   18.3317   20.1879   21.5465   22.3739   22.6497
   17.5500    0.0000    3.5279    6.9688   10.2380   13.2547   15.9446   18.2415   20.0886   21.4405   22.2638   22.5383
   17.6000    0.0000    3.5106    6.9346   10.1876   13.1895   15.8662   18.1518   19.9898   21.3351   22.1543   22.4274
   17.6500    0.0000    3.4933    6.9005   10.1375   13.1246   15.7882   18.0625   19.8915   21.2301   22.0454   22.3171
   17.7000    0.0000    3.4761    6.8665   10.0876   13.0601   15.7105   17.9736   19.7937   21.1257   21.9369   22.2074
   17.7500    0.0000    3.4590    6.8327   10.0380   12.9958   15.6332   17.8852   19.6963   21.0218   21.8290   22.0981
   17.8000    0.0000    3.4420    6.7991    9.9886   12.9319   15.5563   17.7973   19.5994   20.9184   21.7217   21.9894
   17.8500    0.0000    3.4251    6.7657    9.9395   12.8683   15.4798   17.7097   19.5030   20.8155   21.6148   21.8813
   17.9000    0.0000    3.4082    6.7324    9.8906   12.8050   15.4037   17.6226   19.4071   20.7131   21.5085   21.7737
   17.9500    0.0000    3.3915    6.6993    9.8420   12.7420   15.3279   17.5360   19.3117   20.6113   21.4027   21.6666
   18.0000    0.0000    3.3748    6.6663    9.7936   12.6793   15.2525   17.4497   19.2167   20.5099   21.2975   21.5600
   18.0500    0.0000    3.3582    6.6336    9.7454   12.6170   15.1775   17.3639   19.1222   20.4090   21.1927   21.4539
   18.1000    0.0000    3.3417    6.6009    9.6975   12.5549   15.1029   17.2785   19.0281   20.3086   21.0885   21.3484
   18.1500    0.0000    3.3252    6.5685    9.6498   12.4932   15.0286   17.1935   18.9345   20.2087   20.9848   21.2434
   18.2000    0.0000    3.3089    6.5362    9.6023   12.4317   14.9547   17.1089   18.8414   20.1093   20.8815   21.1389
   18.2500    0.0000    3.2926    6.5040    9.5551   12.3706   14.8811   17.0248   18.7487   20.0104   20.7788   21.0350
   18.3000    0.0000    3.2764    6.4720    9.5081   12.3097   14.8079   16.9410   18.6565   19.9120   20.6766   20.9315
   18.3500    0.0000    3.2603    6.4402    9.4613   12.2492   14.7351   16.8577   18.5647   19.8141   20.5749   20.8286
   18.4000    0.0000    3.2442    6.4085    9.4148   12.1889   14.6626   16.7748   18.4734   19.7166   20.4737   20.7261
   18.4500    0.0000    3.2283    6.3770    9.3685   12.1290   14.5905   16.6923   18.3826   19.6196   20.3730   20.6242
   18.5000    0.0000    3.2124    6.3456    9.3224   12.0693   14.5187   16.6102   18.2921   19.5231   20.2728   20.5227
   18.5500    0.0000    3.1966    6.3144    9.2765   12.0100   14.4473   16.5285   18.2022   19.4271   20.1731   20.4218
   18.6000    0.0000    3.1809    6.2834    9.2309   11.9509   14.3763   16.4472   18.1126   19.3316   20.0739   20.3213
   18.6500    0.0000    3.1652    6.2524    9.1855   11.8921   14.3055   16.3663   18.0236   19.2365   19.9752   20.2214
   18.7000    0.0000    3.1497    6.2217    9.1403   11.8336   14.2352   16.2858   17.9349   19.1419   19.8769   20.1219
   18.7500    0.0000    3.1342    6.1911    9.0954   11.7754   14.1652   16.2057   17.8467   19.0477   19.7791   20.0230
   18.8000    0.0000    3.1188    6.1606    9.0506   11.7175   14.0955   16.1260   17.7589   18.9540   19.6819   19.9245
   18.8500    0.0000    3.1034    6.1303    9.0061   11.6599   14.0262   16.0467   17.6716   18.8608   19.5851   19.8265
   18.9000    0.0000    3.0882    6.1002    8.9618   11.6025   13.9572   15.9677   17.5846   18.7680   19.4887   19.7290
   18.9500    0.0000    3.0730    6.0702    8.9177   11.5455   13.8885   15.8892   17.4982   18.6757   19.3929   19.6319
   19.0000    0.0000    3.0579    6.0403    8.8739   11.4887   13.8202   15.8111   17.4121   18.5839   19.2975   19.5354
   19.0500    0.0000    3.0428    6.0106    8.8302   11.4322   13.7522   15.7333   17.3265   18.4925   19.2026   19.4393
   19.1000    0.0000    3.0279    5.9811    8.7868   11.3759   13.6846   15.6559   17.2412   18.4015   19.1081   19.3437
   19.1500    0.0000    3.0130    5.9516    8.7436   11.3200   13.6173   15.5789   17.1564   18.3110   19.0141   19.2485
   19.2000    0.0000    2.9981    5.9224    8.7006   11.2643   13.5503   15.5023   17.0720   18.2209   18.9206   19.1538
   19.2500    0.0000    2.9834    5.8932    8.6578   11.2089   13.4837   15.4260   16.9881   18.1313   18.8276   19.0596
   19.3000    0.0000    2.9687    5.8642    8.6152   11.1538   13.4173   15.3502   16.9045   18.0421   18.7350   18.9659
   19.3500    0.0000    2.9541    5.8354    8.5728   11.0989   13.3514   15.2746   16.8214   17.9534   18.6428   18.8726
   19.4000    0.0000    2.9396    5.8067    8.5307   11.0443   13.2857   15.1995   16.7386   17.8651   18.5511   18.7798
   19.4500    0.0000    2.9251    5.7781    8.4887   10.9900   13.2203   15.1248   16.6563   17.7772   18.4599   18.6874
   19.5000    0.0000    2.9107    5.7497    8.4470   10.9359   13.1553   15.0504   16.5744   17.6898   18.3691   18.5955
   19.5500    0.0000    2.8964    5.7214    8.4054   10.8821   13.0906   14.9763   16.4929   17.6028   18.2787   18.5040
   19.6000    0.0000    2.8822    5.6933    8.3641   10.8286   13.0262   14.9027   16.4117   17.5162   18.1888   18.4130
   19.6500    0.0000    2.8680    5.6653    8.3229   10.7754   12.9622   14.8294   16.3310   17.4300   18.0994   18.3225
   19.7000    0.0000    2.8539    5.6374    8.2820   10.7224   12.8984   14.7564   16.2507   17.3443   18.0103   18.2323
   19.7500    0.0000    2.8399    5.6097    8.2413   10.6696   12.8350   14.6839   16.1708   17.2590   17.9217   18.1427
   19.8000    0.0000    2.8259    5.5821    8.2007   10.6171   12.7718   14.6116   16.0912   17.1741   17.8336   18.0534
   19.8500    0.0000    2.8120    5.5547    8.1604   10.5649   12.7090   14.5398   16.0121   17.0896   17.7459   17.9646
   19.9000    0.0000    2.7982    5.5273    8.1202   10.5130   12.6465   14.4683   15.9333   17.0056   17.6586   17.8763
   19.9500    0.0000    2.7844    5.5001    8.0803   10.4613   12.5843   14.3971   15.8550   16.9219   17.5717   17.7883
   20.0000    0.0000    2.7707    5.4731    8.0406   10.4098   12.5224   14.3263   15.7770   16.8387   17.4853   17.7009
   20.0500    0.0000    2.7571    5.4462    8.0010   10.3586   12.4608   14.2558   15.6994   16.7559   17.3993   17.6138
   20.1000    0.0000    2.7435    5.4194    7.9617   10.3077   12.3995   14.1857   15.6222   16.6735   17.3137   17.5272
   20.1500    0.0000    2.7300    5.3927    7.9225   10.2570   12.3385   14.1159   15.5453   16.5915   17.2286   17.4410
   20.2000    0.0000    2.7166    5.3662    7.8835   10.2065   12.2778   14.0465   15.4689   16.5099   17.1438   17.3552
   20.2500    0.0000    2.7032    5.3398    7.8448   10.1563   12.2175   13.9774   15.3928   16.4287   17.0595   17.2698
   20.3000    0.0000    2.6899    5.3136    7.8062   10.1063   12.1574   13.9087   15.3171   16.3479   16.9756   17.1849
   20.3500    0.0000    2.6767    5.2874    7.7678   10.0566   12.0976   13.8403   15.2417   16.2674   16.8921   17.1003
   20.4000    0.0000    2.6635    5.2614    7.7296   10.0072   12.0381   13.7722   15.1668   16.1874   16.8090   17.0162
   20.4500    0.0000    2.6504    5.2355    7.6916    9.9580   11.9789   13.7044   15.0922   16.1078   16.7264   16.9325
   20.5000    0.0000    2.6374    5.2098    7.6537    9.9090   11.9199   13.6370   15.0179   16.0286   16.6441   16.8493
   20.5500    0.0000    2.6244    5.1842    7.6161    9.8602   11.8613   13.5700   14.9441   15.9498   16.5622   16.7664
   20.6000    0.0000    2.6115    5.1587    7.5786    9.8117   11.8030   13.5032   14.8706   15.8713   16.4808   16.6839
   20.6500    0.0000    2.5987    5.1333    7.5413    9.7635   11.7449   13.4368   14.7974   15.7932   16.3997   16.6019
   20.7000    0.0000    2.5859    5.1080    7.5043    9.7155   11.6871   13.3707   14.7246   15.7156   16.3190   16.5202
   20.7500    0.0000    2.5732    5.0829    7.4673    9.6677   11.6297   13.3049   14.6522   15.6383   16.2388   16.4389
   20.8000    0.0000    2.5605    5.0579    7.4306    9.6201   11.5725   13.2395   14.5802   15.5613   16.1589   16.3581
   20.8500    0.0000    2.5479    5.0330    7.3941    9.5728   11.5155   13.1744   14.5084   15.4848   16.0794   16.2776
   20.9000    0.0000    2.5354    5.0083    7.3577    9.5257   11.4589   13.1096   14.4371   15.4086   16.0003   16.1976
   20.9500    0.0000    2.5229    4.9836    7.3215    9.4789   11.4025   13.0451   14.3661   15.3329   15.9216   16.1179
   21.0000    0.0000    2.5105    4.9591    7.2855    9.4322   11.3465   12.9809   14.2954   15.2574   15.8433   16.0386
   21.0500    0.0000    2.4982    4.9347    7.2497    9.3859   11.2907   12.9171   14.2251   15.1824   15.7654   15.9597
   21.1000    0.0000    2.4859    4.9105    7.2140    9.3397   11.2351   12.8536   14.1551   15.1077   15.6879   15.8812
   21.1500    0.0000    2.4737    4.8863    7.1785    9.2938   11.1799   12.7903   14.0855   15.0334   15.6107   15.8031
   21.2000    0.0000    2.4615    4.8623    7.1432    9.2480   11.1249   12.7274   14.0162   14.9595   15.5339   15.7254
   21.2500    0.0000    2.4494    4.8384    7.1081    9.2026   11.0702   12.6648   13.9473   14.8859   15.4575   15.6481
   21.3000    0.0000    2.4373    4.8146    7.0731    9.1573   11.0157   12.6025   13.8787   14.8127   15.3815   15.5711
   21.3500    0.0000    2.4253    4.7909    7.0383    9.1122   10.9615   12.5406   13.8104   14.7398   15.3058   15.4945
   21.4000    0.0000    2.4134    4.7673    7.0037    9.0674   10.9076   12.4789   13.7425   14.6673   15.2305   15.4183
   21.4500    0.0000    2.4015    4.7439    6.9693    9.0228   10.8540   12.4175   13.6749   14.5952   15.1556   15.3425
   21.5000    0.0000    2.3897    4.7205    6.9350    8.9785   10.8006   12.3564   13.6076   14.5234   15.0811   15.2670
   21.5500    0.0000    2.3780    4.6973    6.9009    8.9343   10.7474   12.2956   13.5407   14.4520   15.0069   15.1919
   21.6000    0.0000    2.3663    4.6742    6.8669    8.8903   10.6946   12.2352   13.4741   14.3809   14.9331   15.1172
   21.6500    0.0000    2.3546    4.6512    6.8332    8.8466   10.6420   12.1750   13.4078   14.3101   14.8597   15.0428
   21.7000    0.0000    2.3431    4.6284    6.7995    8.8031   10.5896   12.1151   13.3419   14.2398   14.7866   14.9688
   21.7500    0.0000    2.3315    4.6056    6.7661    8.7598   10.5376   12.0555   13.2763   14.1697   14.7138   14.8952
   21.8000    0.0000    2.3201    4.5829    6.7328    8.7167   10.4857   11.9962   13.2110   14.1000   14.6415   14.8219
   21.8500    0.0000    2.3087    4.5604    6.6997    8.6739   10.4342   11.9372   13.1460   14.0307   14.5695   14.7490
   21.9000    0.0000    2.2973    4.5380    6.6668    8.6312   10.3828   11.8785   13.0813   13.9617   14.4978   14.6765
   21.9500    0.0000    2.2860    4.5156    6.6340    8.5887   10.3318   11.8201   13.0170   13.8930   14.4265   14.6043
   22.0000    0.0000    2.2748    4.4934    6.6013    8.5465   10.2809   11.7619   12.9530   13.8247   14.3555   14.5325
   22.0500    0.0000    2.2636    4.4713    6.5689    8.5045   10.2304   11.7041   12.8893   13.7567   14.2849   14.4610
   22.1000    0.0000    2.2524    4.4493    6.5366    8.4626   10.1801   11.6465   12.8259   13.6890   14.2147   14.3899
   22.1500    0.0000    2.2414    4.4275    6.5044    8.4210   10.1300   11.5892   12.7628   13.6217   14.1447   14.3191
   22.2000    0.0000    2.2303    4.4057    6.4724    8.3796   10.0802   11.5322   12.7000   13.5547   14.0752   14.2487
   22.2500    0.0000    2.2194    4.3840    6.4406    8.3384   10.0306   11.4755   12.6375   13.4880   14.0059   14.1786
   22.3000    0.0000    2.2084    4.3625    6.4089    8.2974    9.9813   11.4191   12.5754   13.4217   13.9371   14.1089
   22.3500    0.0000    2.1976    4.3410    6.3774    8.2565    9.9322   11.3629   12.5135   13.3556   13.8685   14.0395
   22.4000    0.0000    2.1868    4.3196    6.3460    8.2159    9.8833   11.3070   12.4520   13.2900   13.8003   13.9704
   22.4500    0.0000    2.1760    4.2984    6.3148    8.1755    9.8347   11.2514   12.3907   13.2246   13.7324   13.9017
   22.5000    0.0000    2.1653    4.2773    6.2837    8.1353    9.7863   11.1961   12.3298   13.1595   13.6649   13.8333
   22.5500    0.0000    2.1547    4.2562    6.2528    8.0953    9.7382   11.1410   12.2691   13.0948   13.5977   13.7653
   22.6000    0.0000    2.1441    4.2353    6.2221    8.0555    9.6903   11.0862   12.2088   13.0304   13.5308   13.6976
   22.6500    0.0000    2.1335    4.2145    6.1915    8.0159    9.6426   11.0317   12.1488   12.9663   13.4642   13.6302
   22.7000    0.0000    2.1230    4.1937    6.1610    7.9764    9.5952   10.9774   12.0890   12.9025   13.3980   13.5632
   22.7500    0.0000    2.1126    4.1731    6.1307    7.9372    9.5480   10.9234   12.0295   12.8391   13.3321   13.4964
   22.8000    0.0000    2.1022    4.1526    6.1006    7.8982    9.5010   10.8697   11.9704   12.7759   13.2665   13.4301
   22.8500    0.0000    2.0919    4.1321    6.0706    7.8593    9.4543   10.8162   11.9115   12.7131   13.2013   13.3640
   22.9000    0.0000    2.0816    4.1118    6.0407    7.8207    9.4078   10.7630   11.8529   12.6506   13.1363   13.2983
   22.9500    0.0000    2.0713    4.0916    6.0110    7.7822    9.3615   10.7101   11.7946   12.5883   13.0717   13.2329
   23.0000    0.0000    2.0611    4.0715    5.9814    7.7439    9.3155   10.6574   11.7366   12.5264   13.0074   13.1678
   23.0500    0.0000    2.0510    4.0514    5.9520    7.7058    9.2697   10.6050   11.6789   12.4648   12.9435   13.1030
   23.1000    0.0000    2.0409    4.0315    5.9227    7.6679    9.2241   10.5528   11.6214   12.4035   12.8798   13.0386
   23.1500    0.0000    2.0309    4.0117    5.8936    7.6302    9.1787   10.5009   11.5643   12.3425   12.8165   12.9744
   23.2000    0.0000    2.0209    3.9920    5.8646    7.5927    9.1336   10.4493   11.5074   12.2818   12.7534   12.9106
   23.2500    0.0000    2.0110    3.9723    5.8358    7.5553    9.0886   10.3979   11.4508   12.2214   12.6907   12.8471
   23.3000    0.0000    2.0011    3.9528    5.8071    7.5182    9.0439   10.3467   11.3945   12.1613   12.6283   12.7839
   23.3500    0.0000    1.9912    3.9333    5.7785    7.4812    8.9995   10.2959   11.3384   12.1015   12.5662   12.7211
   23.4000    0.0000    1.9814    3.9140    5.7501    7.4444    8.9552   10.2452   11.2827   12.0419   12.5043   12.6585
   23.4500    0.0000    1.9717    3.8947    5.7218    7.4078    8.9111   10.1948   11.2272   11.9827   12.4428   12.5962
   23.5000    0.0000    1.9620    3.8756    5.6937    7.3714    8.8673   10.1447   11.1719   11.9238   12.3816   12.5343
   23.5500    0.0000    1.9523    3.8565    5.6656    7.3351    8.8237   10.0948   11.1170   11.8651   12.3207   12.4726
   23.6000    0.0000    1.9427    3.8376    5.6378    7.2990    8.7803   10.0451   11.0623   11.8068   12.2601   12.4113
   23.6500    0.0000    1.9332    3.8187    5.6101    7.2631    8.7371    9.9957   11.0079   11.7487   12.1998   12.3502
   23.7000    0.0000    1.9237    3.7999    5.5825    7.2274    8.6941    9.9466   10.9538   11.6909   12.1398   12.2895
   23.7500    0.0000    1.9142    3.7812    5.5550    7.1918    8.6514    9.8976   10.8999   11.6334   12.0801   12.2290
   23.8000    0.0000    1.9048    3.7626    5.5277    7.1565    8.6088    9.8490   10.8463   11.5762   12.0207   12.1689
   23.8500    0.0000    1.8954    3.7441    5.5005    7.1213    8.5665    9.8005   10.7929   11.5192   11.9616   12.1090
   23.9000    0.0000    1.8861    3.7257    5.4734    7.0862    8.5244    9.7523   10.7398   11.4626   11.9028   12.0495
   23.9500    0.0000    1.8768    3.7074    5.4465    7.0514    8.4824    9.7043   10.6870   11.4062   11.8442   11.9902
   24.0000    0.0000    1.8676    3.6891    5.4197    7.0167    8.4407    9.6566   10.6344   11.3501   11.7860   11.9312
   24.0500    0.0000    1.8584    3.6710    5.3931    6.9822    8.3992    9.6091   10.5821   11.2943   11.7280   11.8726
   24.1000    0.0000    1.8493    3.6529    5.3665    6.9479    8.3579    9.5619   10.5301   11.2387   11.6703   11.8142
   24.1500    0.0000    1.8402    3.6350    5.3401    6.9137    8.3168    9.5148   10.4783   11.1835   11.6129   11.7560
   24.2000    0.0000    1.8311    3.6171    5.3139    6.8797    8.2759    9.4680   10.4268   11.1284   11.5558   11.6982
   24.2500    0.0000    1.8221    3.5993    5.2877    6.8458    8.2352    9.4215   10.3755   11.0737   11.4989   11.6407
   24.3000    0.0000    1.8131    3.5816    5.2617    6.8122    8.1947    9.3751   10.3244   11.0192   11.4424   11.5834
   24.3500    0.0000    1.8042    3.5640    5.2359    6.7787    8.1543    9.3290   10.2737   10.9650   11.3861   11.5265
   24.4000    0.0000    1.7954    3.5464    5.2101    6.7453    8.1142    9.2831   10.2231   10.9111   11.3301   11.4698
   24.4500    0.0000    1.7865    3.5290    5.1845    6.7121    8.0743    9.2375   10.1729   10.8574   11.2744   11.4134
   24.5000    0.0000    1.7777    3.5116    5.1590    6.6791    8.0346    9.1920   10.1228   10.8040   11.2189   11.3572
   24.5500    0.0000    1.7690    3.4944    5.1336    6.6463    7.9951    9.1468   10.0730   10.7509   11.1637   11.3014
   24.6000    0.0000    1.7603    3.4772    5.1084    6.6136    7.9558    9.1018   10.0235   10.6980   11.1088   11.2458
   24.6500    0.0000    1.7516    3.4601    5.0832    6.5811    7.9166    9.0571    9.9742   10.6454   11.0542   11.1905
   24.7000    0.0000    1.7430    3.4431    5.0582    6.5487    7.8777    9.0125    9.9251   10.5930   10.9998   11.1354
   24.7500    0.0000    1.7344    3.4261    5.0333    6.5165    7.8390    8.9682    9.8763   10.5409   10.9457   11.0806
   24.8000    0.0000    1.7259    3.4093    5.0086    6.4844    7.8004    8.9241    9.8277   10.4891   10.8919   11.0261
   24.8500    0.0000    1.7174    3.3925    4.9840    6.4525    7.7620    8.8802    9.7794   10.4375   10.8383   10.9719
   24.9000    0.0000    1.7090    3.3758    4.9594    6.4208    7.7239    8.8365    9.7313   10.3862   10.7850   10.9179
   24.9500    0.0000    1.7006    3.3592    4.9351    6.3892    7.6859    8.7930    9.6834   10.3351   10.7320   10.8642
   25.0000    0.0000    1.6922    3.3427    4.9108    6.3578    7.6481    8.7498    9.6358   10.2843   10.6792   10.8108
   25.0500    0.0000    1.6839    3.3263    4.8866    6.3265    7.6104    8.7068    9.5884   10.2337   10.6266   10.7576
   25.1000    0.0000    1.6756    3.3099    4.8626    6.2954    7.5730    8.6639    9.5412   10.1833   10.5744   10.7047
   25.1500    0.0000    1.6674    3.2936    4.8387    6.2644    7.5358    8.6213    9.4943   10.1332   10.5224   10.6521
   25.2000    0.0000    1.6592    3.2774    4.8149    6.2336    7.4987    8.5789    9.4476   10.0834   10.4706   10.5997
   25.2500    0.0000    1.6510    3.2613    4.7912    6.2030    7.4618    8.5367    9.4011   10.0338   10.4191   10.5475
   25.3000    0.0000    1.6429    3.2453    4.7676    6.1725    7.4251    8.4947    9.3549    9.9845   10.3679   10.4957
   25.3500    0.0000    1.6348    3.2293    4.7442    6.1421    7.3886    8.4529    9.3089    9.9354   10.3169   10.4440
   25.4000    0.0000    1.6268    3.2134    4.7208    6.1119    7.3523    8.4114    9.2631    9.8865   10.2661   10.3927
   25.4500    0.0000    1.6188    3.1976    4.6976    6.0818    7.3161    8.3700    9.2175    9.8379   10.2156   10.3416
   25.5000    0.0000    1.6108    3.1819    4.6745    6.0519    7.2801    8.3288    9.1722    9.7895   10.1654   10.2907
   25.5500    0.0000    1.6029    3.1662    4.6515    6.0221    7.2443    8.2879    9.1271    9.7413   10.1154   10.2401
   25.6000    0.0000    1.5950    3.1507    4.6286    5.9925    7.2087    8.2471    9.0822    9.6934   10.0656   10.1897
   25.6500    0.0000    1.5871    3.1352    4.6059    5.9631    7.1732    8.2065    9.0375    9.6457   10.0161   10.1396
   25.7000    0.0000    1.5793    3.1197    4.5832    5.9337    7.1379    8.1662    8.9931    9.5983    9.9669   10.0897
   25.7500    0.0000    1.5716    3.1044    4.5607    5.9045    7.1028    8.1260    8.9489    9.5511    9.9178   10.0401
   25.8000    0.0000    1.5638    3.0891    4.5383    5.8755    7.0679    8.0860    8.9048    9.5041    9.8691    9.9907
   25.8500    0.0000    1.5561    3.0739    4.5159    5.8466    7.0331    8.0463    8.8610    9.4574    9.8205    9.9416
   25.9000    0.0000    1.5485    3.0588    4.4937    5.8178    6.9985    8.0067    8.8175    9.4108    9.7722    9.8927
   25.9500    0.0000    1.5409    3.0438    4.4716    5.7892    6.9641    7.9673    8.7741    9.3646    9.7242    9.8440
   26.0000    0.0000    1.5333    3.0288    4.4496    5.7608    6.9299    7.9281    8.7309    9.3185    9.6763    9.7956
   26.0500    0.0000    1.5258    3.0139    4.4277    5.7324    6.8958    7.8891    8.6880    9.2727    9.6287    9.7474
   26.1000    0.0000    1.5183    2.9991    4.4060    5.7042    6.8619    7.8503    8.6453    9.2271    9.5814    9.6995
   26.1500    0.0000    1.5108    2.9843    4.3843    5.6762    6.8281    7.8117    8.6027    9.1817    9.5342    9.6518
   26.2000    0.0000    1.5034    2.9696    4.3627    5.6482    6.7945    7.7733    8.5604    9.1365    9.4873    9.6043
   26.2500    0.0000    1.4960    2.9550    4.3413    5.6205    6.7611    7.7351    8.5183    9.0916    9.4407    9.5571
   26.3000    0.0000    1.4886    2.9405    4.3199    5.5928    6.7278    7.6970    8.4764    9.0469    9.3943    9.5101
   26.3500    0.0000    1.4813    2.9260    4.2987    5.5653    6.6948    7.6592    8.4347    9.0024    9.3480    9.4633
   26.4000    0.0000    1.4740    2.9116    4.2775    5.5379    6.6618    7.6215    8.3932    8.9581    9.3021    9.4167
   26.4500    0.0000    1.4667    2.8973    4.2565    5.5107    6.6291    7.5840    8.3520    8.9140    9.2563    9.3704
   26.5000    0.0000    1.4595    2.8831    4.2355    5.4836    6.5965    7.5467    8.3109    8.8702    9.2108    9.3243
   26.5500    0.0000    1.4524    2.8689    4.2147    5.4566    6.5640    7.5096    8.2700    8.8265    9.1655    9.2785
   26.6000    0.0000    1.4452    2.8548    4.1940    5.4298    6.5317    7.4726    8.2293    8.7831    9.1204    9.2328
   26.6500    0.0000    1.4381    2.8407    4.1734    5.4031    6.4996    7.4359    8.1888    8.7399    9.0755    9.1874
   26.7000    0.0000    1.4310    2.8268    4.1528    5.3765    6.4676    7.3993    8.1486    8.6969    9.0309    9.1422
   26.7500    0.0000    1.4240    2.8129    4.1324    5.3501    6.4358    7.3629    8.1085    8.6542    8.9865    9.0973
   26.8000    0.0000    1.4170    2.7990    4.1121    5.3237    6.4042    7.3267    8.0686    8.6116    8.9423    9.0525
   26.8500    0.0000    1.4100    2.7853    4.0919    5.2976    6.3727    7.2907    8.0289    8.5692    8.8983    9.0080
   26.9000    0.0000    1.4031    2.7716    4.0717    5.2715    6.3413    7.2548    7.9894    8.5271    8.8545    8.9637
   26.9500    0.0000    1.3962    2.7579    4.0517    5.2456    6.3101    7.2191    7.9501    8.4852    8.8110    8.9196
   27.0000    0.0000    1.3893    2.7444    4.0318    5.2198    6.2791    7.1836    7.9110    8.4434    8.7676    8.8757
   27.0500    0.0000    1.3825    2.7309    4.0119    5.1941    6.2482    7.1483    7.8721    8.4019    8.7245    8.8321
   27.1000    0.0000    1.3757    2.7174    3.9922    5.1686    6.2175    7.1131    7.8334    8.3606    8.6816    8.7886
   27.1500    0.0000    1.3689    2.7041    3.9726    5.1431    6.1869    7.0781    7.7949    8.3194    8.6389    8.7454
   27.2000    0.0000    1.3622    2.6908    3.9530    5.1178    6.1565    7.0433    7.7565    8.2785    8.5964    8.7024
   27.2500    0.0000    1.3555    2.6775    3.9336    5.0927    6.1262    7.0087    7.7184    8.2378    8.5541    8.6596
   27.3000    0.0000    1.3488    2.6644    3.9142    5.0676    6.0961    6.9742    7.6804    8.1973    8.5121    8.6170
   27.3500    0.0000    1.3422    2.6513    3.8950    5.0427    6.0661    6.9399    7.6426    8.1570    8.4702    8.5746
   27.4000    0.0000    1.3356    2.6382    3.8758    5.0179    6.0362    6.9058    7.6051    8.1168    8.4285    8.5324
   27.4500    0.0000    1.3290    2.6252    3.8568    4.9932    6.0065    6.8718    7.5676    8.0769    8.3871    8.4905
   27.5000    0.0000    1.3225    2.6123    3.8378    4.9686    5.9770    6.8380    7.5304    8.0372    8.3458    8.4487
   27.5500    0.0000    1.3160    2.5995    3.8189    4.9442    5.9476    6.8044    7.4934    7.9977    8.3048    8.4071
   27.6000    0.0000    1.3095    2.5867    3.8001    4.9199    5.9184    6.7709    7.4565    7.9583    8.2639    8.3658
   27.6500    0.0000    1.3031    2.5740    3.7814    4.8957    5.8892    6.7376    7.4199    7.9192    8.2233    8.3247
   27.7000    0.0000    1.2966    2.5613    3.7628    4.8716    5.8603    6.7045    7.3834    7.8802    8.1828    8.2837
   27.7500    0.0000    1.2903    2.5487    3.7443    4.8477    5.8315    6.6715    7.3470    7.8415    8.1426    8.2430
   27.8000    0.0000    1.2839    2.5362    3.7259    4.8238    5.8028    6.6387    7.3109    7.8029    8.1025    8.2024
   27.8500    0.0000    1.2776    2.5237    3.7076    4.8001    5.7742    6.6060    7.2750    7.7645    8.0627    8.1621
   27.9000    0.0000    1.2713    2.5113    3.6894    4.7765    5.7458    6.5735    7.2392    7.7263    8.0230    8.1219
   27.9500    0.0000    1.2651    2.4989    3.6712    4.7530    5.7176    6.5412    7.2036    7.6883    7.9836    8.0820
   28.0000    0.0000    1.2588    2.4867    3.6532    4.7296    5.6894    6.5090    7.1681    7.6505    7.9443    8.0422
   28.0500    0.0000    1.2527    2.4744    3.6352    4.7063    5.6615    6.4770    7.1329    7.6129    7.9052    8.0027
   28.1000    0.0000    1.2465    2.4623    3.6173    4.6832    5.6336    6.4452    7.0978    7.5755    7.8663    7.9633
   28.1500    0.0000    1.2404    2.4501    3.5995    4.6602    5.6059    6.4135    7.0629    7.5382    7.8277    7.9241
   28.2000    0.0000    1.2343    2.4381    3.5818    4.6372    5.5783    6.3819    7.0281    7.5011    7.7892    7.8852
   28.2500    0.0000    1.2282    2.4261    3.5642    4.6144    5.5509    6.3505    6.9936    7.4642    7.7508    7.8464
   28.3000    0.0000    1.2221    2.4142    3.5467    4.5917    5.5236    6.3193    6.9592    7.4275    7.7127    7.8078
   28.3500    0.0000    1.2161    2.4023    3.5292    4.5691    5.4964    6.2882    6.9249    7.3910    7.6748    7.7694
   28.4000    0.0000    1.2102    2.3905    3.5119    4.5467    5.4694    6.2573    6.8909    7.3546    7.6370    7.7312
   28.4500    0.0000    1.2042    2.3787    3.4946    4.5243    5.4425    6.2265    6.8570    7.3184    7.5995    7.6932
   28.5000    0.0000    1.1983    2.3670    3.4774    4.5021    5.4157    6.1959    6.8233    7.2825    7.5621    7.6553
   28.5500    0.0000    1.1924    2.3554    3.4603    4.4799    5.3891    6.1654    6.7897    7.2466    7.5249    7.6177
   28.6000    0.0000    1.1865    2.3438    3.4433    4.4579    5.3626    6.1351    6.7563    7.2110    7.4879    7.5802
   28.6500    0.0000    1.1807    2.3323    3.4263    4.4360    5.3362    6.1049    6.7231    7.1755    7.4511    7.5429
   28.7000    0.0000    1.1749    2.3208    3.4095    4.4141    5.3100    6.0749    6.6900    7.1402    7.4144    7.5058
   28.7500    0.0000    1.1691    2.3094    3.3927    4.3924    5.2838    6.0450    6.6571    7.1051    7.3779    7.4689
   28.8000    0.0000    1.1633    2.2980    3.3760    4.3708    5.2578    6.0153    6.6244    7.0702    7.3417    7.4322
   28.8500    0.0000    1.1576    2.2867    3.3594    4.3493    5.2320    5.9857    6.5918    7.0354    7.3055    7.3956
   28.9000    0.0000    1.1519    2.2755    3.3429    4.3279    5.2063    5.9562    6.5594    7.0008    7.2696    7.3592
   28.9500    0.0000    1.1463    2.2643    3.3265    4.3066    5.1806    5.9269    6.5271    6.9664    7.2339    7.3230
   29.0000    0.0000    1.1406    2.2531    3.3101    4.2855    5.1552    5.8978    6.4950    6.9321    7.1983    7.2870
   29.0500    0.0000    1.1350    2.2421    3.2938    4.2644    5.1298    5.8688    6.4630    6.8980    7.1629    7.2512
   29.1000    0.0000    1.1294    2.2310    3.2776    4.2434    5.1046    5.8399    6.4313    6.8641    7.1276    7.2155
   29.1500    0.0000    1.1239    2.2201    3.2615    4.2225    5.0795    5.8112    6.3996    6.8303    7.0926    7.1800
   29.2000    0.0000    1.1184    2.2091    3.2455    4.2018    5.0545    5.7826    6.3682    6.7967    7.0577    7.1447
   29.2500    0.0000    1.1129    2.1983    3.2295    4.1811    5.0296    5.7542    6.3368    6.7633    7.0230    7.1096
   29.3000    0.0000    1.1074    2.1875    3.2136    4.1605    5.0049    5.7259    6.3057    6.7300    6.9884    7.0746
   29.3500    0.0000    1.1019    2.1767    3.1978    4.1401    4.9803    5.6977    6.2746    6.6969    6.9541    7.0398
   29.4000    0.0000    1.0965    2.1660    3.1821    4.1197    4.9558    5.6697    6.2438    6.6640    6.9199    7.0052
   29.4500    0.0000    1.0911    2.1553    3.1664    4.0994    4.9314    5.6418    6.2131    6.6312    6.8858    6.9707
   29.5000    0.0000    1.0858    2.1447    3.1509    4.0793    4.9071    5.6140    6.1825    6.5986    6.8520    6.9364
   29.5500    0.0000    1.0804    2.1342    3.1354    4.0592    4.8830    5.5864    6.1521    6.5661    6.8183    6.9023
   29.6000    0.0000    1.0751    2.1237    3.1199    4.0393    4.8590    5.5589    6.1218    6.5338    6.7847    6.8684
   29.6500    0.0000    1.0698    2.1132    3.1046    4.0194    4.8351    5.5316    6.0917    6.5017    6.7514    6.8346
   29.7000    0.0000    1.0645    2.1029    3.0893    3.9996    4.8113    5.5044    6.0618    6.4697    6.7181    6.8010
   29.7500    0.0000    1.0593    2.0925    3.0741    3.9799    4.7876    5.4773    6.0320    6.4379    6.6851    6.7675
   29.8000    0.0000    1.0541    2.0822    3.0590    3.9604    4.7641    5.4504    6.0023    6.4062    6.6522    6.7342
   29.8500    0.0000    1.0489    2.0720    3.0440    3.9409    4.7407    5.4236    5.9728    6.3747    6.6195    6.7011
   29.9000    0.0000    1.0438    2.0618    3.0290    3.9215    4.7174    5.3969    5.9434    6.3434    6.5869    6.6681
   29.9500    0.0000    1.0386    2.0516    3.0141    3.9022    4.6941    5.3704    5.9142    6.3122    6.5545    6.6353
   30.0000    0.0000    1.0335    2.0416    2.9993    3.8830    4.6711    5.3439    5.8851    6.2811    6.5223    6.6027
   30.0500    0.0000    1.0284    2.0315    2.9845    3.8639    4.6481    5.3177    5.8561    6.2502    6.4902    6.5702
