#  400        0.500094   1.500066   2.500056   3.500199   4.500287   5.499995
  -9.97500    0.00000    0.00000    0.00000    0.00000    0.00000    0.00000
  -9.95000    0.00000    0.00000    0.00000    0.00000    0.00000    0.00000
  -9.92500    0.00000    0.00000    0.00000    0.00000    0.00000    0.00000
  -9.90000    0.00000    0.00000    0.00000    0.00000    0.00000    0.00000
  -9.87500    0.00000    0.00000    0.00000    0.00000    0.00000    0.00000
  -9.85000    0.00000    0.00000    0.00000    0.00000    0.00000    0.00000
  -9.82500    0.00000    0.00000    0.00000    0.00000    0.00000    0.00000
  -9.80000    0.00000    0.00000    0.00000    0.00000    0.00000    0.00000
  -9.77500    0.00000    0.00000    0.00000    0.00000    0.00000    0.00000
  -9.75000    0.00000    0.00000    0.00000    0.00000    0.00000    0.00000
  -9.72500    0.00000    0.00000    0.00000    0.00000    0.00000    0.00000
  -9.70000    0.00000    0.00000    0.00000    0.00000    0.00000    0.00000
  -9.67500    0.00000    0.00000    0.00000    0.00000    0.00000    0.00000
  -9.65000    0.00000    0.00000    0.00000    0.00000    0.00000    0.00000
  -9.62500    0.00000    0.00000    0.00000    0.00000    0.00000    0.00000
  -9.60000    0.00000    0.00000    0.00000    0.00000    0.00000    0.00000
  -9.57500    0.00000    0.00000    0.00000    0.00000    0.00000    0.00000
  -9.55000    0.00000    0.00000    0.00000    0.00000    0.00000    0.00000
  -9.52500    0.00000    0.00000    0.00000    0.00000    0.00000    0.00000
  -9.50000    0.00000    0.00000    0.00000    0.00000    0.00000    0.00000
  -9.47500    0.00000    0.00000    0.00000    0.00000    0.00000    0.00000
  -9.45000    0.00000    0.00000    0.00000    0.00000    0.00000    0.00000
  -9.42500    0.00000    0.00000    0.00000    0.00000    0.00000    0.00000
  -9.40000    0.00000    0.00000    0.00000    0.00000    0.00000    0.00000
  -9.37500    0.00000    0.00000    0.00000    0.00000    0.00000    0.00000
  -9.35000    0.00000    0.00000    0.00000    0.00000    0.00000    0.00000
  -9.32500    0.00000    0.00000    0.00000    0.00000    0.00000    0.00000
  -9.30000    0.00000    0.00000    0.00000    0.00000    0.00000    0.00000
  -9.27500    0.00000    0.00000    0.00000    0.00000    0.00000    0.00000
  -9.25000    0.00000    0.00000    0.00000    0.00000    0.00000    0.00000
  -9.22500    0.00000    0.00000    0.00000    0.00000    0.00000    0.00000
  -9.20000    0.00000    0.00000    0.00000    0.00000    0.00000    0.00000
  -9.17500    0.00000    0.00000    0.00000    0.00000    0.00000    0.00000
  -9.15000    0.00000    0.00000    0.00000    0.00000    0.00000    0.00000
  -9.12500    0.00000    0.00000    0.00000    0.00000    0.00000    0.00000
  -9.10000    0.00000    0.00000    0.00000    0.00000    0.00000    0.00000
  -9.07500    0.00000    0.00000    0.00000    0.00000    0.00000    0.00000
  -9.05000    0.00000    0.00000    0.00000    0.00000    0.00000    0.00000
  -9.02500    0.00000    0.00000    0.00000    0.00000    0.00000    0.00000
  -9.00000    0.00000    0.00000    0.00000    0.00000    0.00000    0.00000
  -8.97500    0.00000    0.00000    0.00000    0.00000    0.00000    0.00000
  -8.95000    0.00000    0.00000    0.00000    0.00000    0.00000    0.00000
  -8.92500    0.00000    0.00000    0.00000    0.00000    0.00000    0.00000
  -8.90000    0.00000    0.00000    0.00000    0.00000    0.00000    0.00000
  -8.87500    0.00000    0.00000    0.00000    0.00000    0.00000    0.00000
  -8.85000    0.00000    0.00000    0.00000    0.00000    0.00000    0.00000
  -8.82500    0.00000    0.00000    0.00000    0.00000    0.00000    0.00000
  -8.80000    0.00000    0.00000    0.00000    0.00000    0.00000    0.00000
  -8.77500    0.00000    0.00000    0.00000    0.00000    0.00000    0.00000
  -8.75000    0.00000    0.00000    0.00000    0.00000    0.00000    0.00000
  -8.72500    0.00000    0.00000    0.00000    0.00000    0.00000    0.00000
  -8.70000    0.00000    0.00000    0.00000    0.00000    0.00000    0.00000
  -8.67500    0.00000    0.00000    0.00000    0.00000    0.00000    0.00000
  -8.65000    0.00000    0.00000    0.00000    0.00000    0.00000    0.00000
  -8.62500    0.00000    0.00000    0.00000    0.00000    0.00000    0.00000
  -8.60000    0.00000    0.00000    0.00000    0.00000    0.00000    0.00000
  -8.57500    0.00000    0.00000    0.00000    0.00000    0.00000    0.00000
  -8.55000    0.00000    0.00000    0.00000    0.00000    0.00000    0.00000
  -8.52500    0.00000    0.00000    0.00000    0.00000    0.00000    0.00000
  -8.50000    0.00000    0.00000    0.00000    0.00000    0.00000    0.00000
  -8.47500    0.00000    0.00000    0.00000    0.00000    0.00000    0.00000
  -8.45000    0.00000    0.00000    0.00000    0.00000    0.00000    0.00000
  -8.42500    0.00000    0.00000    0.00000    0.00000    0.00000    0.00000
  -8.40000    0.00000    0.00000    0.00000    0.00000    0.00000    0.00000
  -8.37500    0.00000    0.00000    0.00000    0.00000    0.00000    0.00000
  -8.35000    0.00000    0.00000    0.00000    0.00000    0.00000    0.00000
  -8.32500    0.00000    0.00000    0.00000    0.00000    0.00000    0.00000
  -8.30000    0.00000    0.00000    0.00000    0.00000    0.00000    0.00000
  -8.27500    0.00000    0.00000    0.00000    0.00000    0.00000    0.00000
  -8.25000    0.00000    0.00000    0.00000    0.00000    0.00000    0.00000
  -8.22500    0.00000    0.00000    0.00000    0.00000    0.00000    0.00000
  -8.20000    0.00000    0.00000    0.00000    0.00000    0.00000    0.00000
  -8.17500    0.00000    0.00000    0.00000    0.00000    0.00000    0.00000
  -8.15000    0.00000    0.00000    0.00000    0.00000    0.00000    0.00000
  -8.12500    0.00000    0.00000    0.00000    0.00000    0.00000    0.00000
  -8.10000    0.00000    0.00000    0.00000    0.00000    0.00000    0.00000
  -8.07500    0.00000    0.00000    0.00000    0.00000    0.00000    0.00000
  -8.05000    0.00000    0.00000    0.00000    0.00000    0.00000    0.00000
  -8.02500    0.00000    0.00000    0.00000    0.00000    0.00000    0.00000
  -8.00000    0.00000    0.00000    0.00000    0.00000    0.00000    0.00000
  -7.97500    0.00000    0.00000    0.00000    0.00000    0.00000    0.00000
  -7.95000    0.00000    0.00000    0.00000    0.00000    0.00000    0.00000
  -7.92500    0.00000    0.00000    0.00000    0.00000    0.00000    0.00000
  -7.90000    0.00000    0.00000    0.00000    0.00000    0.00000    0.00000
  -7.87500    0.00000    0.00000    0.00000    0.00000    0.00000    0.00000
  -7.85000    0.00000    0.00000    0.00000    0.00000    0.00000    0.00000
  -7.82500    0.00000    0.00000    0.00000    0.00000    0.00000    0.00000
  -7.80000    0.00000    0.00000    0.00000    0.00000    0.00000    0.00000
  -7.77500    0.00000    0.00000    0.00000    0.00000    0.00000    0.00000
  -7.75000    0.00000    0.00000    0.00000    0.00000    0.00000    0.00000
  -7.72500    0.00000    0.00000    0.00000    0.00000    0.00000    0.00000
  -7.70000    0.00000    0.00000    0.00000    0.00000    0.00000    0.00000
  -7.67500    0.00000    0.00000    0.00000    0.00000    0.00000    0.00000
  -7.65000    0.00000    0.00000    0.00000    0.00000    0.00000    0.00000
  -7.62500    0.00000    0.00000    0.00000    0.00000    0.00000    0.00000
  -7.60000    0.00000    0.00000    0.00000    0.00000    0.00000    0.00000
  -7.57500    0.00000    0.00000    0.00000    0.00000    0.00000    0.00000
  -7.55000    0.00000    0.00000    0.00000    0.00000    0.00000    0.00000
  -7.52500    0.00000    0.00000    0.00000    0.00000    0.00000    0.00000
  -7.50000    0.00000    0.00000    0.00000    0.00000    0.00000    0.00000
  -7.47500    0.00000    0.00000    0.00000    0.00000    0.00000    0.00000
  -7.45000    0.00000    0.00000    0.00000    0.00000    0.00000    0.00000
  -7.42500    0.00000    0.00000    0.00000    0.00000    0.00000    0.00000
  -7.40000    0.00000    0.00000    0.00000    0.00000    0.00000    0.00000
  -7.37500    0.00000    0.00000    0.00000    0.00000    0.00000    0.00000
  -7.35000    0.00000    0.00000    0.00000    0.00000    0.00000    0.00000
  -7.32500    0.00000    0.00000    0.00000    0.00000    0.00000    0.00000
  -7.30000    0.00000    0.00000    0.00000    0.00000    0.00000    0.00000
  -7.27500    0.00000    0.00000    0.00000    0.00000    0.00000    0.00000
  -7.25000    0.00000    0.00000    0.00000    0.00000    0.00000    0.00000
  -7.22500    0.00000    0.00000    0.00000    0.00000    0.00000    0.00000
  -7.20000    0.00000    0.00000    0.00000    0.00000    0.00000    0.00000
  -7.17500    0.00000    0.00000    0.00000    0.00000    0.00000    0.00000
  -7.15000    0.00000    0.00000    0.00000    0.00000    0.00000    0.00000
  -7.12500    0.00000    0.00000    0.00000    0.00000    0.00000    0.00000
  -7.10000    0.00000    0.00000    0.00000    0.00000    0.00000    0.00000
  -7.07500    0.00000    0.00000    0.00000    0.00000    0.00000    0.00000
  -7.05000    0.00000    0.00000    0.00000    0.00000    0.00000    0.00000
  -7.02500    0.00000    0.00000    0.00000    0.00000    0.00000    0.00000
  -7.00000    0.00000    0.00000    0.00000    0.00000    0.00000    0.00000
  -6.97500    0.00000    0.00000    0.00000    0.00000    0.00000    0.00000
  -6.95000    0.00000    0.00000    0.00000    0.00000    0.00000    0.00000
  -6.92500    0.00000    0.00000    0.00000    0.00000    0.00000    0.00000
  -6.90000    0.00000    0.00000    0.00000    0.00000    0.00000    0.00000
  -6.87500    0.00000    0.00000    0.00000    0.00000    0.00000    0.00000
  -6.85000    0.00000    0.00000    0.00000    0.00000    0.00000    0.00000
  -6.82500    0.00000    0.00000    0.00000    0.00000    0.00000    0.00000
  -6.80000    0.00000    0.00000    0.00000    0.00000    0.00000    0.00000
  -6.77500    0.00000    0.00000    0.00000    0.00000    0.00000    0.00000
  -6.75000    0.00000    0.00000    0.00000    0.00000    0.00000    0.00000
  -6.72500    0.00000    0.00000    0.00000    0.00000    0.00000    0.00000
  -6.70000    0.00000    0.00000    0.00000    0.00000    0.00000    0.00000
  -6.67500    0.00000    0.00000    0.00000    0.00000    0.00000    0.00000
  -6.65000    0.00000    0.00000    0.00000    0.00000    0.00000    0.00000
  -6.62500    0.00000    0.00000    0.00000    0.00000    0.00000    0.00000
  -6.60000    0.00000    0.00000    0.00000    0.00000    0.00000    0.00000
  -6.57500    0.00000    0.00000    0.00000    0.00000    0.00000    0.00000
  -6.55000    0.00000    0.00000    0.00000    0.00000    0.00000    0.00000
  -6.52500    0.00000    0.00000    0.00000    0.00000    0.00000    0.00000
  -6.50000    0.00000    0.00000    0.00000    0.00000    0.00000    0.00000
  -6.47500    0.00000    0.00000    0.00000    0.00000    0.00000    0.00000
  -6.45000    0.00000    0.00000    0.00000    0.00000    0.00000    0.00000
  -6.42500    0.00000    0.00000    0.00000    0.00000    0.00000    0.00000
  -6.40000    0.00000    0.00000    0.00000    0.00000    0.00000    0.00000
  -6.37500    0.00000    0.00000    0.00000    0.00000    0.00000    0.00000
  -6.35000    0.00000    0.00000    0.00000    0.00000    0.00000    0.00000
  -6.32500    0.00000    0.00000    0.00000    0.00000    0.00000    0.00000
  -6.30000    0.00000    0.00000    0.00000    0.00000    0.00000    0.00000
  -6.27500    0.00000    0.00000    0.00000    0.00000    0.00000    0.00000
  -6.25000    0.00000    0.00000    0.00000    0.00000    0.00000    0.00000
  -6.22500    0.00000    0.00000    0.00000    0.00000    0.00000    0.00000
  -6.20000    0.00000    0.00000    0.00000    0.00000    0.00000    0.00000
  -6.17500    0.00000    0.00000    0.00000    0.00000    0.00000    0.00000
  -6.15000    0.00000    0.00000    0.00000    0.00000    0.00000    0.00000
  -6.12500    0.00000    0.00000    0.00000    0.00000    0.00000    0.00000
  -6.10000    0.00000    0.00000    0.00000    0.00000    0.00000    0.00000
  -6.07500    0.00000    0.00000    0.00000    0.00000    0.00000    0.00000
  -6.05000    0.00000    0.00000    0.00000    0.00000    0.00000    0.00000
  -6.02500    0.00000    0.00000    0.00000    0.00000    0.00000    0.00000
  -6.00000    0.00000    0.00000    0.00000    0.00000    0.00000    0.00000
  -5.97500    0.00000    0.00000    0.00000    0.00000    0.00000    0.00000
  -5.95000    0.00000    0.00000    0.00000    0.00000    0.00000    0.00000
  -5.92500    0.00000    0.00000    0.00000    0.00000    0.00000    0.00000
  -5.90000    0.00000    0.00000    0.00000    0.00000    0.00000    0.00000
  -5.87500    0.00000    0.00000    0.00000    0.00000    0.00000    0.00000
  -5.85000    0.00000    0.00000    0.00000    0.00000    0.00000    0.00000
  -5.82500    0.00000    0.00000    0.00000    0.00000    0.00000    0.00000
  -5.80000    0.00000    0.00000    0.00000    0.00000    0.00000    0.00000
  -5.77500    0.00000    0.00000    0.00000    0.00000    0.00000    0.00000
  -5.75000    0.00000    0.00000    0.00000    0.00000    0.00000    0.00000
  -5.72500    0.00000    0.00000    0.00000    0.00000    0.00000    0.00000
  -5.70000    0.00000    0.00000    0.00000    0.00000    0.00000    0.00000
  -5.67500    0.00000    0.00000    0.00000    0.00000    0.00000    0.00000
  -5.65000    0.00000    0.00000    0.00000    0.00000    0.00000    0.00000
  -5.62500    0.00000    0.00000    0.00000    0.00000    0.00000    0.00000
  -5.60000    0.00000    0.00000    0.00000    0.00000    0.00000    0.00000
  -5.57500    0.00000    0.00000    0.00000    0.00000    0.00000    0.00000
  -5.55000    0.00000    0.00000    0.00000    0.00000    0.00000    0.00000
  -5.52500    0.00000    0.00000    0.00000    0.00000    0.00000    0.00000
  -5.50000    0.00000    0.00000    0.00000    0.00000    0.00000    0.00000
  -5.47500    0.00000    0.00000    0.00000    0.00000    0.00000    0.00000
  -5.45000    0.00000    0.00000    0.00000    0.00000    0.00000    0.00000
  -5.42500    0.00000    0.00000    0.00000    0.00000    0.00000    0.00000
  -5.40000    0.00000    0.00000    0.00000    0.00000    0.00000    0.00000
  -5.37500    0.00000    0.00000    0.00000    0.00000    0.00000    0.00000
  -5.35000    0.00000    0.00000    0.00000    0.00000    0.00000    0.00000
  -5.32500    0.00000    0.00000    0.00000    0.00000    0.00000    0.00000
  -5.30000    0.00000    0.00000    0.00000    0.00000    0.00000    0.00000
  -5.27500    0.00000    0.00000    0.00000    0.00000    0.00000    0.00000
  -5.25000    0.00000    0.00000    0.00000    0.00000    0.00000    0.00000
  -5.22500    0.00000    0.00000    0.00000    0.00000    0.00000    0.00000
  -5.20000    0.00000    0.00000    0.00000    0.00000    0.00000    0.00000
  -5.17500    0.00000    0.00000    0.00000    0.00000    0.00000    0.00000
  -5.15000    0.00000    0.00000    0.00000    0.00000    0.00000    0.00000
  -5.12500    0.00000    0.00000    0.00000    0.00000    0.00000    0.00000
  -5.10000    0.00000    0.00000    0.00000    0.00000    0.00000    0.00001
  -5.07500    0.00000    0.00000    0.00000    0.00000    0.00000    0.00001
  -5.05000    0.00000    0.00000    0.00000    0.00000    0.00000    0.00001
  -5.02500    0.00000    0.00000    0.00000    0.00000    0.00000    0.00001
  -5.00000    0.00000    0.00000    0.00000    0.00000    0.00000    0.00001
  -4.97500    0.00000    0.00000    0.00000    0.00000    0.00000    0.00002
  -4.95000    0.00000    0.00000    0.00000    0.00000    0.00000    0.00002
  -4.92500    0.00000    0.00000    0.00000    0.00000    0.00000    0.00002
  -4.90000    0.00000    0.00000    0.00000    0.00000    0.00000    0.00003
  -4.87500    0.00000    0.00000    0.00000    0.00000    0.00000    0.00003
  -4.85000    0.00000    0.00000    0.00000    0.00000    0.00001    0.00004
  -4.82500    0.00000    0.00000    0.00000    0.00000    0.00001    0.00005
  -4.80000    0.00000    0.00000    0.00000    0.00000    0.00001    0.00006
  -4.77500    0.00000    0.00000    0.00000    0.00000    0.00001    0.00007
  -4.75000    0.00000    0.00000    0.00000    0.00000    0.00001    0.00009
  -4.72500    0.00000    0.00000    0.00000    0.00000    0.00001    0.00010
  -4.70000    0.00000    0.00000    0.00000    0.00000    0.00002    0.00012
  -4.67500    0.00000    0.00000    0.00000    0.00000    0.00002    0.00015
  -4.65000    0.00000    0.00000    0.00000    0.00000    0.00002    0.00017
  -4.62500    0.00000    0.00000    0.00000    0.00000    0.00003    0.00021
  -4.60000    0.00000    0.00000    0.00000    0.00000    0.00004    0.00025
  -4.57500    0.00000    0.00000    0.00000    0.00000    0.00004    0.00029
  -4.55000    0.00000    0.00000    0.00000    0.00001    0.00005    0.00034
  -4.52500    0.00000    0.00000    0.00000    0.00001    0.00006    0.00041
  -4.50000    0.00000    0.00000    0.00000    0.00001    0.00007    0.00048
  -4.47500    0.00000    0.00000    0.00000    0.00001    0.00009    0.00056
  -4.45000    0.00000    0.00000    0.00000    0.00001    0.00011    0.00066
  -4.42500    0.00000    0.00000    0.00000    0.00002    0.00012    0.00077
  -4.40000    0.00000    0.00000    0.00000    0.00002    0.00015    0.00090
  -4.37500    0.00000    0.00000    0.00000    0.00002    0.00018    0.00106
  -4.35000    0.00000    0.00000    0.00000    0.00003    0.00021    0.00123
  -4.32500    0.00000    0.00000    0.00000    0.00003    0.00025    0.00143
  -4.30000    0.00000    0.00000    0.00000    0.00004    0.00029    0.00166
  -4.27500    0.00000    0.00000    0.00000    0.00004    0.00034    0.00193
  -4.25000    0.00000    0.00000    0.00000    0.00005    0.00040    0.00223
  -4.22500    0.00000    0.00000    0.00001    0.00006    0.00047    0.00258
  -4.20000    0.00000    0.00000    0.00001    0.00008    0.00055    0.00298
  -4.17500    0.00000    0.00000    0.00001    0.00009    0.00064    0.00343
  -4.15000    0.00000    0.00000    0.00001    0.00011    0.00075    0.00394
  -4.12500    0.00000    0.00000    0.00001    0.00013    0.00088    0.00453
  -4.10000    0.00000    0.00000    0.00002    0.00015    0.00102    0.00518
  -4.07500    0.00000    0.00000    0.00002    0.00017    0.00119    0.00593
  -4.05000    0.00000    0.00000    0.00002    0.00021    0.00138    0.00676
  -4.02500    0.00000    0.00000    0.00003    0.00024    0.00159    0.00770
  -4.00000    0.00000    0.00000    0.00003    0.00028    0.00184    0.00876
  -3.97500    0.00000    0.00000    0.00004    0.00033    0.00213    0.00994
  -3.95000    0.00000    0.00000    0.00004    0.00039    0.00245    0.01126
  -3.92500    0.00000    0.00000    0.00005    0.00046    0.00282    0.01273
  -3.90000    0.00000    0.00000    0.00006    0.00053    0.00324    0.01436
  -3.87500    0.00000    0.00001    0.00007    0.00062    0.00372    0.01617
  -3.85000    0.00000    0.00001    0.00008    0.00072    0.00425    0.01818
  -3.82500    0.00000    0.00001    0.00010    0.00084    0.00486    0.02040
  -3.80000    0.00000    0.00001    0.00012    0.00097    0.00554    0.02284
  -3.77500    0.00000    0.00001    0.00014    0.00113    0.00631    0.02552
  -3.75000    0.00000    0.00001    0.00016    0.00130    0.00718    0.02846
  -3.72500    0.00000    0.00001    0.00019    0.00150    0.00814    0.03168
  -3.70000    0.00000    0.00002    0.00022    0.00173    0.00922    0.03518
  -3.67500    0.00000    0.00002    0.00026    0.00199    0.01043    0.03900
  -3.65000    0.00000    0.00002    0.00030    0.00229    0.01177    0.04314
  -3.62500    0.00000    0.00003    0.00035    0.00263    0.01326    0.04762
  -3.60000    0.00000    0.00003    0.00041    0.00301    0.01491    0.05246
  -3.57500    0.00000    0.00004    0.00048    0.00344    0.01674    0.05766
  -3.55000    0.00000    0.00005    0.00056    0.00393    0.01875    0.06325
  -3.52500    0.00000    0.00006    0.00064    0.00448    0.02097    0.06923
  -3.50000    0.00000    0.00007    0.00075    0.00509    0.02341    0.07560
  -3.47500    0.00000    0.00008    0.00086    0.00578    0.02608    0.08238
  -3.45000    0.00000    0.00009    0.00099    0.00656    0.02900    0.08956
  -3.42500    0.00000    0.00011    0.00114    0.00743    0.03219    0.09715
  -3.40000    0.00001    0.00012    0.00132    0.00839    0.03566    0.10514
  -3.37500    0.00001    0.00015    0.00151    0.00947    0.03943    0.11352
  -3.35000    0.00001    0.00017    0.00173    0.01066    0.04351    0.12228
  -3.32500    0.00001    0.00020    0.00199    0.01199    0.04791    0.13141
  -3.30000    0.00001    0.00023    0.00227    0.01346    0.05266    0.14086
  -3.27500    0.00001    0.00027    0.00259    0.01508    0.05777    0.15063
  -3.25000    0.00001    0.00031    0.00295    0.01687    0.06323    0.16067
  -3.22500    0.00002    0.00036    0.00336    0.01884    0.06908    0.17095
  -3.20000    0.00002    0.00041    0.00382    0.02101    0.07531    0.18141
  -3.17500    0.00002    0.00048    0.00434    0.02337    0.08193    0.19200
  -3.15000    0.00003    0.00055    0.00491    0.02597    0.08895    0.20267
  -3.12500    0.00003    0.00063    0.00556    0.02879    0.09636    0.21334
  -3.10000    0.00004    0.00073    0.00628    0.03187    0.10416    0.22395
  -3.07500    0.00004    0.00084    0.00708    0.03521    0.11235    0.23442
  -3.05000    0.00005    0.00096    0.00797    0.03884    0.12091    0.24467
  -3.02500    0.00006    0.00110    0.00896    0.04276    0.12983    0.25460
  -3.00000    0.00007    0.00125    0.01006    0.04698    0.13910    0.26414
  -2.97500    0.00008    0.00143    0.01127    0.05153    0.14869    0.27317
  -2.95000    0.00009    0.00163    0.01261    0.05641    0.15857    0.28162
  -2.92500    0.00011    0.00186    0.01409    0.06164    0.16871    0.28937
  -2.90000    0.00013    0.00211    0.01571    0.06723    0.17906    0.29633
  -2.87500    0.00015    0.00240    0.01750    0.07318    0.18958    0.30240
  -2.85000    0.00017    0.00272    0.01945    0.07951    0.20023    0.30749
  -2.82500    0.00019    0.00308    0.02159    0.08621    0.21094    0.31151
  -2.80000    0.00022    0.00348    0.02392    0.09330    0.22166    0.31437
  -2.77500    0.00026    0.00393    0.02647    0.10077    0.23231    0.31600
  -2.75000    0.00029    0.00443    0.02923    0.10861    0.24283    0.31633
  -2.72500    0.00034    0.00499    0.03224    0.11683    0.25313    0.31530
  -2.70000    0.00038    0.00561    0.03549    0.12542    0.26314    0.31287
  -2.67500    0.00044    0.00630    0.03900    0.13435    0.27277    0.30901
  -2.65000    0.00050    0.00707    0.04279    0.14362    0.28193    0.30369
  -2.62500    0.00057    0.00791    0.04687    0.15320    0.29054    0.29693
  -2.60000    0.00065    0.00884    0.05125    0.16307    0.29850    0.28873
  -2.57500    0.00074    0.00987    0.05594    0.17320    0.30572    0.27915
  -2.55000    0.00085    0.01100    0.06096    0.18355    0.31211    0.26823
  -2.52500    0.00096    0.01225    0.06631    0.19408    0.31758    0.25605
  -2.50000    0.00109    0.01362    0.07200    0.20475    0.32206    0.24271
  -2.47500    0.00123    0.01511    0.07805    0.21551    0.32545    0.22833
  -2.45000    0.00139    0.01675    0.08446    0.22631    0.32768    0.21305
  -2.42500    0.00158    0.01853    0.09123    0.23707    0.32869    0.19701
  -2.40000    0.00178    0.02048    0.09836    0.24775    0.32842    0.18039
  -2.37500    0.00200    0.02260    0.10586    0.25828    0.32682    0.16338
  -2.35000    0.00225    0.02490    0.11372    0.26857    0.32386    0.14617
  -2.32500    0.00253    0.02740    0.12194    0.27856    0.31951    0.12898
  -2.30000    0.00284    0.03010    0.13051    0.28816    0.31377    0.11203
  -2.27500    0.00319    0.03301    0.13942    0.29731    0.30664    0.09552
  -2.25000    0.00357    0.03616    0.14866    0.30591    0.29815    0.07970
  -2.22500    0.00399    0.03955    0.15820    0.31388    0.28833    0.06477
  -2.20000    0.00446    0.04319    0.16804    0.32113    0.27724    0.05096
  -2.17500    0.00498    0.04709    0.17813    0.32760    0.26496    0.03846
  -2.15000    0.00554    0.05127    0.18846    0.33319    0.25158    0.02746
  -2.12500    0.00617    0.05573    0.19898    0.33783    0.23721    0.01813
  -2.10000    0.00686    0.06049    0.20967    0.34145    0.22197    0.01061
  -2.07500    0.00761    0.06556    0.22048    0.34398    0.20601    0.00504
  -2.05000    0.00844    0.07094    0.23136    0.34535    0.18948    0.00150
  -2.02500    0.00934    0.07664    0.24227    0.34552    0.17256    0.00004
  -2.00000    0.01033    0.08267    0.25316    0.34443    0.15543    0.00069
  -1.97500    0.01141    0.08904    0.26396    0.34207    0.13827    0.00345
  -1.95000    0.01259    0.09575    0.27461    0.33839    0.12129    0.00826
  -1.92500    0.01387    0.10280    0.28506    0.33338    0.10469    0.01504
  -1.90000    0.01526    0.11020    0.29523    0.32705    0.08867    0.02365
  -1.87500    0.01677    0.11794    0.30506    0.31941    0.07344    0.03395
  -1.85000    0.01841    0.12602    0.31447    0.31049    0.05919    0.04574
  -1.82500    0.02018    0.13444    0.32340    0.30033    0.04611    0.05878
  -1.80000    0.02209    0.14319    0.33177    0.28899    0.03438    0.07284
  -1.77500    0.02416    0.15225    0.33951    0.27653    0.02416    0.08762
  -1.75000    0.02638    0.16163    0.34654    0.26305    0.01559    0.10283
  -1.72500    0.02878    0.17130    0.35280    0.24865    0.00881    0.11816
  -1.70000    0.03135    0.18124    0.35821    0.23343    0.00390    0.13329
  -1.67500    0.03411    0.19144    0.36272    0.21754    0.00095    0.14792
  -1.65000    0.03707    0.20187    0.36625    0.20111    0.00000    0.16171
  -1.62500    0.04023    0.21250    0.36875    0.18430    0.00106    0.17438
  -1.60000    0.04361    0.22331    0.37017    0.16726    0.00412    0.18564
  -1.57500    0.04721    0.23426    0.37046    0.15017    0.00912    0.19524
  -1.55000    0.05105    0.24532    0.36959    0.13320    0.01599    0.20296
  -1.52500    0.05513    0.25644    0.36752    0.11653    0.02461    0.20861
  -1.50000    0.05946    0.26760    0.36423    0.10034    0.03484    0.21206
  -1.47500    0.06405    0.27873    0.35972    0.08481    0.04650    0.21320
  -1.45000    0.06891    0.28979    0.35396    0.07012    0.05939    0.21199
  -1.42500    0.07405    0.30074    0.34699    0.05644    0.07329    0.20845
  -1.40000    0.07946    0.31153    0.33881    0.04394    0.08795    0.20262
  -1.37500    0.08517    0.32209    0.32946    0.03276    0.10310    0.19463
  -1.35000    0.09118    0.33237    0.31898    0.02304    0.11847    0.18463
  -1.32500    0.09748    0.34231    0.30742    0.01491    0.13378    0.17285
  -1.30000    0.10410    0.35187    0.29485    0.00846    0.14874    0.15953
  -1.27500    0.11102    0.36097    0.28136    0.00379    0.16306    0.14496
  -1.25000    0.11825    0.36956    0.26702    0.00096    0.17648    0.12949
  -1.22500    0.12580    0.37758    0.25194    0.00000    0.18873    0.11346
  -1.20000    0.13367    0.38497    0.23623    0.00093    0.19957    0.09723
  -1.17500    0.14184    0.39167    0.22002    0.00373    0.20877    0.08119
  -1.15000    0.15033    0.39764    0.20342    0.00836    0.21616    0.06572
  -1.12500    0.15913    0.40281    0.18657    0.01476    0.22157    0.05117
  -1.10000    0.16824    0.40713    0.16963    0.02284    0.22489    0.03791
  -1.07500    0.17764    0.41056    0.15272    0.03248    0.22603    0.02625
  -1.05000    0.18733    0.41306    0.13601    0.04353    0.22496    0.01646
  -1.02500    0.19731    0.41458    0.11965    0.05583    0.22168    0.00880
  -1.00000    0.20755    0.41510    0.10378    0.06921    0.21624    0.00345
  -0.97500    0.21806    0.41457    0.08856    0.08344    0.20875    0.00054
  -0.95000    0.22881    0.41299    0.07414    0.09832    0.19932    0.00015
  -0.92500    0.23979    0.41033    0.06065    0.11362    0.18816    0.00229
  -0.90000    0.25099    0.40658    0.04824    0.12909    0.17546    0.00689
  -0.87500    0.26238    0.40174    0.03702    0.14448    0.16147    0.01385
  -0.85000    0.27394    0.39582    0.02712    0.15956    0.14649    0.02299
  -0.82500    0.28566    0.38883    0.01864    0.17408    0.13079    0.03406
  -0.80000    0.29750    0.38078    0.01166    0.18780    0.11471    0.04680
  -0.77500    0.30945    0.37170    0.00627    0.20049    0.09857    0.06085
  -0.75000    0.32147    0.36163    0.00251    0.21195    0.08270    0.07587
  -0.72500    0.33355    0.35062    0.00044    0.22197    0.06743    0.09145
  -0.70000    0.34565    0.33871    0.00007    0.23040    0.05309    0.10719
  -0.67500    0.35774    0.32596    0.00141    0.23708    0.03997    0.12266
  -0.65000    0.36979    0.31244    0.00444    0.24189    0.02834    0.13746
  -0.62500    0.38177    0.29823    0.00914    0.24474    0.01847    0.15119
  -0.60000    0.39364    0.28339    0.01543    0.24559    0.01055    0.16349
  -0.57500    0.40537    0.26803    0.02326    0.24440    0.00475    0.17401
  -0.55000    0.41694    0.25222    0.03253    0.24118    0.00121    0.18249
  -0.52500    0.42830    0.23607    0.04313    0.23598    0.00000    0.18867
  -0.50000    0.43941    0.21968    0.05493    0.22889    0.00114    0.19240
  -0.47500    0.45026    0.20316    0.06780    0.22000    0.00461    0.19356
  -0.45000    0.46079    0.18660    0.08157    0.20947    0.01034    0.19212
  -0.42500    0.47098    0.17012    0.09608    0.19747    0.01819    0.18812
  -0.40000    0.48080    0.15384    0.11116    0.18419    0.02800    0.18165
  -0.37500    0.49020    0.13785    0.12662    0.16986    0.03955    0.17288
  -0.35000    0.49917    0.12228    0.14227    0.15472    0.05258    0.16206
  -0.32500    0.50767    0.10723    0.15792    0.13902    0.06680    0.14946
  -0.30000    0.51566    0.09280    0.17337    0.12303    0.08190    0.13543
  -0.27500    0.52313    0.07911    0.18843    0.10703    0.09754    0.12034
  -0.25000    0.53004    0.06624    0.20291    0.09128    0.11337    0.10461
  -0.22500    0.53637    0.05430    0.21663    0.07606    0.12903    0.08865
  -0.20000    0.54210    0.04336    0.22942    0.06163    0.14418    0.07292
  -0.17500    0.54721    0.03351    0.24111    0.04825    0.15847    0.05782
  -0.15000    0.55167    0.02482    0.25157    0.03613    0.17159    0.04379
  -0.12500    0.55548    0.01735    0.26065    0.02550    0.18323    0.03119
  -0.10000    0.55861    0.01117    0.26824    0.01654    0.19313    0.02038
  -0.07500    0.56106    0.00631    0.27425    0.00940    0.20108    0.01165
  -0.05000    0.56281    0.00281    0.27860    0.00421    0.20689    0.00523
  -0.02500    0.56387    0.00070    0.28123    0.00106    0.21043    0.00131
   0.00000    0.56422    0.00000    0.28211    0.00000    0.21162    0.00000
   0.02500    0.56387    0.00071    0.28123    0.00106    0.21043    0.00132
   0.05000    0.56281    0.00282    0.27859    0.00421    0.20690    0.00525
   0.07500    0.56105    0.00631    0.27425    0.00940    0.20110    0.01167
   0.10000    0.55860    0.01117    0.26824    0.01654    0.19315    0.02041
   0.12500    0.55547    0.01736    0.26064    0.02550    0.18325    0.03123
   0.15000    0.55166    0.02483    0.25156    0.03613    0.17161    0.04384
   0.17500    0.54720    0.03352    0.24110    0.04825    0.15850    0.05788
   0.20000    0.54209    0.04337    0.22941    0.06163    0.14421    0.07297
   0.22500    0.53636    0.05431    0.21662    0.07606    0.12906    0.08871
   0.25000    0.53003    0.06626    0.20289    0.09128    0.11340    0.10466
   0.27500    0.52311    0.07913    0.18841    0.10703    0.09757    0.12038
   0.30000    0.51565    0.09282    0.17335    0.12303    0.08193    0.13547
   0.32500    0.50765    0.10725    0.15791    0.13902    0.06683    0.14949
   0.35000    0.49915    0.12230    0.14226    0.15472    0.05261    0.16208
   0.37500    0.49019    0.13787    0.12661    0.16986    0.03957    0.17290
   0.40000    0.48078    0.15386    0.11115    0.18420    0.02802    0.18165
   0.42500    0.47096    0.17014    0.09607    0.19747    0.01821    0.18811
   0.45000    0.46077    0.18662    0.08156    0.20948    0.01035    0.19211
   0.47500    0.45024    0.20318    0.06778    0.22000    0.00462    0.19353
   0.50000    0.43939    0.21971    0.05492    0.22889    0.00115    0.19236
   0.52500    0.42827    0.23610    0.04312    0.23599    0.00000    0.18862
   0.55000    0.41691    0.25225    0.03252    0.24118    0.00121    0.18242
   0.57500    0.40535    0.26805    0.02325    0.24440    0.00474    0.17395
   0.60000    0.39361    0.28342    0.01543    0.24559    0.01053    0.16341
   0.62500    0.38174    0.29825    0.00913    0.24475    0.01845    0.15111
   0.65000    0.36976    0.31247    0.00444    0.24189    0.02832    0.13738
   0.67500    0.35771    0.32599    0.00141    0.23708    0.03994    0.12258
   0.70000    0.34562    0.33874    0.00007    0.23040    0.05307    0.10710
   0.72500    0.33353    0.35065    0.00044    0.22198    0.06741    0.09137
   0.75000    0.32145    0.36166    0.00251    0.21195    0.08267    0.07580
   0.77500    0.30942    0.37173    0.00627    0.20049    0.09854    0.06079
   0.80000    0.29748    0.38080    0.01167    0.18780    0.11468    0.04674
   0.82500    0.28563    0.38885    0.01864    0.17408    0.13077    0.03401
   0.85000    0.27392    0.39585    0.02713    0.15956    0.14646    0.02294
   0.87500    0.26235    0.40177    0.03703    0.14448    0.16145    0.01382
   0.90000    0.25096    0.40661    0.04825    0.12909    0.17544    0.00687
   0.92500    0.23977    0.41035    0.06066    0.11362    0.18814    0.00227
   0.95000    0.22879    0.41301    0.07415    0.09832    0.19931    0.00015
   0.97500    0.21804    0.41460    0.08857    0.08344    0.20874    0.00055
   1.00000    0.20753    0.41512    0.10379    0.06921    0.21624    0.00346
   1.02500    0.19729    0.41461    0.11965    0.05583    0.22168    0.00882
   1.05000    0.18731    0.41308    0.13602    0.04353    0.22496    0.01649
   1.07500    0.17762    0.41058    0.15273    0.03248    0.22604    0.02627
   1.10000    0.16822    0.40715    0.16963    0.02284    0.22490    0.03794
   1.12500    0.15911    0.40283    0.18658    0.01476    0.22159    0.05120
   1.15000    0.15032    0.39766    0.20342    0.00836    0.21618    0.06574
   1.17500    0.14183    0.39169    0.22002    0.00373    0.20880    0.08121
   1.20000    0.13365    0.38498    0.23624    0.00093    0.19959    0.09725
   1.22500    0.12579    0.37759    0.25195    0.00000    0.18876    0.11346
   1.25000    0.11824    0.36957    0.26702    0.00096    0.17651    0.12949
   1.27500    0.11101    0.36098    0.28136    0.00379    0.16310    0.14495
   1.30000    0.10408    0.35188    0.29486    0.00846    0.14877    0.15950
   1.32500    0.09747    0.34232    0.30742    0.01491    0.13381    0.17281
   1.35000    0.09117    0.33237    0.31898    0.02304    0.11850    0.18459
   1.37500    0.08516    0.32209    0.32946    0.03276    0.10313    0.19457
   1.40000    0.07945    0.31153    0.33881    0.04394    0.08797    0.20255
   1.42500    0.07403    0.30074    0.34699    0.05644    0.07332    0.20836
   1.45000    0.06890    0.28979    0.35397    0.07012    0.05942    0.21190
   1.47500    0.06404    0.27872    0.35972    0.08481    0.04652    0.21309
   1.50000    0.05945    0.26759    0.36424    0.10034    0.03486    0.21195
   1.52500    0.05512    0.25644    0.36753    0.11653    0.02463    0.20849
   1.55000    0.05104    0.24531    0.36960    0.13320    0.01600    0.20284
   1.57500    0.04720    0.23425    0.37047    0.15017    0.00913    0.19512
   1.60000    0.04360    0.22330    0.37018    0.16726    0.00412    0.18551
   1.62500    0.04022    0.21249    0.36876    0.18430    0.00106    0.17425
   1.65000    0.03706    0.20186    0.36625    0.20111    0.00000    0.16159
   1.67500    0.03410    0.19143    0.36272    0.21754    0.00095    0.14780
   1.70000    0.03134    0.18123    0.35822    0.23343    0.00390    0.13318
   1.72500    0.02877    0.17128    0.35281    0.24864    0.00880    0.11805
   1.75000    0.02638    0.16162    0.34655    0.26305    0.01559    0.10273
   1.77500    0.02415    0.15224    0.33951    0.27653    0.02415    0.08753
   1.80000    0.02209    0.14317    0.33178    0.28898    0.03437    0.07275
   1.82500    0.02017    0.13443    0.32341    0.30033    0.04610    0.05871
   1.85000    0.01840    0.12601    0.31448    0.31049    0.05918    0.04568
   1.87500    0.01677    0.11793    0.30507    0.31941    0.07343    0.03390
   1.90000    0.01526    0.11019    0.29524    0.32705    0.08867    0.02362
   1.92500    0.01386    0.10279    0.28507    0.33338    0.10468    0.01501
   1.95000    0.01258    0.09574    0.27462    0.33838    0.12129    0.00824
   1.97500    0.01141    0.08903    0.26397    0.34206    0.13827    0.00344
   2.00000    0.01033    0.08266    0.25317    0.34443    0.15543    0.00069
   2.02500    0.00934    0.07663    0.24228    0.34552    0.17256    0.00004
   2.05000    0.00844    0.07093    0.23137    0.34535    0.18949    0.00150
   2.07500    0.00761    0.06555    0.22049    0.34398    0.20602    0.00505
   2.10000    0.00685    0.06048    0.20968    0.34145    0.22198    0.01062
   2.12500    0.00617    0.05572    0.19899    0.33783    0.23722    0.01813
   2.15000    0.00554    0.05126    0.18846    0.33319    0.25160    0.02746
   2.17500    0.00497    0.04708    0.17814    0.32760    0.26498    0.03846
   2.20000    0.00446    0.04318    0.16804    0.32114    0.27727    0.05095
   2.22500    0.00399    0.03954    0.15821    0.31388    0.28836    0.06476
   2.25000    0.00357    0.03616    0.14867    0.30591    0.29818    0.07968
   2.27500    0.00319    0.03301    0.13943    0.29731    0.30668    0.09549
   2.30000    0.00284    0.03009    0.13052    0.28817    0.31381    0.11199
   2.32500    0.00253    0.02739    0.12195    0.27857    0.31955    0.12893
   2.35000    0.00225    0.02490    0.11373    0.26858    0.32390    0.14611
   2.37500    0.00200    0.02260    0.10586    0.25829    0.32687    0.16330
   2.40000    0.00178    0.02048    0.09837    0.24776    0.32847    0.18030
   2.42500    0.00157    0.01853    0.09123    0.23709    0.32874    0.19691
   2.45000    0.00139    0.01675    0.08446    0.22632    0.32773    0.21293
   2.47500    0.00123    0.01511    0.07806    0.21552    0.32550    0.22820
   2.50000    0.00109    0.01361    0.07201    0.20477    0.32211    0.24257
   2.52500    0.00096    0.01225    0.06631    0.19410    0.31764    0.25589
   2.55000    0.00085    0.01100    0.06096    0.18356    0.31216    0.26806
   2.57500    0.00074    0.00987    0.05594    0.17321    0.30577    0.27896
   2.60000    0.00065    0.00884    0.05125    0.16309    0.29855    0.28854
   2.62500    0.00057    0.00791    0.04687    0.15322    0.29059    0.29672
   2.65000    0.00050    0.00706    0.04279    0.14363    0.28198    0.30348
   2.67500    0.00044    0.00630    0.03900    0.13437    0.27282    0.30878
   2.70000    0.00038    0.00561    0.03549    0.12543    0.26319    0.31264
   2.72500    0.00034    0.00499    0.03224    0.11685    0.25317    0.31507
   2.75000    0.00029    0.00443    0.02924    0.10863    0.24287    0.31609
   2.77500    0.00026    0.00393    0.02647    0.10078    0.23235    0.31576
   2.80000    0.00022    0.00348    0.02393    0.09331    0.22170    0.31413
   2.82500    0.00019    0.00308    0.02159    0.08623    0.21098    0.31126
   2.85000    0.00017    0.00272    0.01945    0.07952    0.20027    0.30724
   2.87500    0.00014    0.00240    0.01750    0.07320    0.18962    0.30215
   2.90000    0.00013    0.00211    0.01571    0.06724    0.17909    0.29608
   2.92500    0.00011    0.00186    0.01409    0.06166    0.16874    0.28913
   2.95000    0.00009    0.00163    0.01261    0.05643    0.15860    0.28138
   2.97500    0.00008    0.00143    0.01127    0.05154    0.14872    0.27294
   3.00000    0.00007    0.00125    0.01006    0.04699    0.13913    0.26391
   3.02500    0.00006    0.00110    0.00896    0.04277    0.12986    0.25438
   3.05000    0.00005    0.00096    0.00797    0.03885    0.12093    0.24446
   3.07500    0.00004    0.00083    0.00708    0.03522    0.11236    0.23422
   3.10000    0.00004    0.00073    0.00628    0.03188    0.10418    0.22375
   3.12500    0.00003    0.00063    0.00556    0.02880    0.09637    0.21315
   3.15000    0.00003    0.00055    0.00491    0.02597    0.08896    0.20248
   3.17500    0.00002    0.00048    0.00434    0.02338    0.08195    0.19183
   3.20000    0.00002    0.00041    0.00382    0.02101    0.07532    0.18124
   3.22500    0.00002    0.00036    0.00336    0.01885    0.06909    0.17079
   3.25000    0.00001    0.00031    0.00295    0.01688    0.06325    0.16052
   3.27500    0.00001    0.00027    0.00259    0.01509    0.05777    0.15049
   3.30000    0.00001    0.00023    0.00227    0.01346    0.05267    0.14073
   3.32500    0.00001    0.00020    0.00198    0.01199    0.04792    0.13128
   3.35000    0.00001    0.00017    0.00173    0.01067    0.04351    0.12217
   3.37500    0.00001    0.00015    0.00151    0.00947    0.03943    0.11341
   3.40000    0.00001    0.00012    0.00132    0.00839    0.03567    0.10504
   3.42500    0.00000    0.00011    0.00114    0.00743    0.03220    0.09706
   3.45000    0.00000    0.00009    0.00099    0.00656    0.02901    0.08947
   3.47500    0.00000    0.00008    0.00086    0.00579    0.02608    0.08230
   3.50000    0.00000    0.00007    0.00074    0.00509    0.02341    0.07553
   3.52500    0.00000    0.00006    0.00064    0.00448    0.02097    0.06916
   3.55000    0.00000    0.00005    0.00056    0.00393    0.01876    0.06319
   3.57500    0.00000    0.00004    0.00048    0.00344    0.01674    0.05761
   3.60000    0.00000    0.00003    0.00041    0.00301    0.01491    0.05241
   3.62500    0.00000    0.00003    0.00035    0.00263    0.01326    0.04758
   3.65000    0.00000    0.00002    0.00030    0.00229    0.01177    0.04310
   3.67500    0.00000    0.00002    0.00026    0.00200    0.01043    0.03896
   3.70000    0.00000    0.00002    0.00022    0.00173    0.00923    0.03515
   3.72500    0.00000    0.00001    0.00019    0.00150    0.00815    0.03165
   3.75000    0.00000    0.00001    0.00016    0.00130    0.00718    0.02843
   3.77500    0.00000    0.00001    0.00014    0.00113    0.00632    0.02550
   3.80000    0.00000    0.00001    0.00012    0.00097    0.00555    0.02282
   3.82500    0.00000    0.00001    0.00010    0.00084    0.00486    0.02038
   3.85000    0.00000    0.00001    0.00008    0.00072    0.00426    0.01816
   3.87500    0.00000    0.00001    0.00007    0.00062    0.00372    0.01616
   3.90000    0.00000    0.00000    0.00006    0.00053    0.00324    0.01435
   3.92500    0.00000    0.00000    0.00005    0.00046    0.00282    0.01272
   3.95000    0.00000    0.00000    0.00004    0.00039    0.00245    0.01125
   3.97500    0.00000    0.00000    0.00004    0.00033    0.00213    0.00993
   4.00000    0.00000    0.00000    0.00003    0.00028    0.00184    0.00875
   4.02500    0.00000    0.00000    0.00003    0.00024    0.00160    0.00770
   4.05000    0.00000    0.00000    0.00002    0.00021    0.00138    0.00676
   4.07500    0.00000    0.00000    0.00002    0.00018    0.00119    0.00592
   4.10000    0.00000    0.00000    0.00002    0.00015    0.00102    0.00518
   4.12500    0.00000    0.00000    0.00001    0.00013    0.00088    0.00452
   4.15000    0.00000    0.00000    0.00001    0.00011    0.00075    0.00394
   4.17500    0.00000    0.00000    0.00001    0.00009    0.00064    0.00343
   4.20000    0.00000    0.00000    0.00001    0.00008    0.00055    0.00298
   4.22500    0.00000    0.00000    0.00001    0.00006    0.00047    0.00258
   4.25000    0.00000    0.00000    0.00000    0.00005    0.00040    0.00223
   4.27500    0.00000    0.00000    0.00000    0.00004    0.00034    0.00193
   4.30000    0.00000    0.00000    0.00000    0.00004    0.00029    0.00166
   4.32500    0.00000    0.00000    0.00000    0.00003    0.00025    0.00143
   4.35000    0.00000    0.00000    0.00000    0.00003    0.00021    0.00123
   4.37500    0.00000    0.00000    0.00000    0.00002    0.00018    0.00106
   4.40000    0.00000    0.00000    0.00000    0.00002    0.00015    0.00090
   4.42500    0.00000    0.00000    0.00000    0.00002    0.00012    0.00077
   4.45000    0.00000    0.00000    0.00000    0.00001    0.00011    0.00066
   4.47500    0.00000    0.00000    0.00000    0.00001    0.00009    0.00056
   4.50000    0.00000    0.00000    0.00000    0.00001    0.00007    0.00048
   4.52500    0.00000    0.00000    0.00000    0.00001    0.00006    0.00041
   4.55000    0.00000    0.00000    0.00000    0.00001    0.00005    0.00034
   4.57500    0.00000    0.00000    0.00000    0.00000    0.00004    0.00029
   4.60000    0.00000    0.00000    0.00000    0.00000    0.00004    0.00025
   4.62500    0.00000    0.00000    0.00000    0.00000    0.00003    0.00021
   4.65000    0.00000    0.00000    0.00000    0.00000    0.00002    0.00017
   4.67500    0.00000    0.00000    0.00000    0.00000    0.00002    0.00015
   4.70000    0.00000    0.00000    0.00000    0.00000    0.00002    0.00012
   4.72500    0.00000    0.00000    0.00000    0.00000    0.00001    0.00010
   4.75000    0.00000    0.00000    0.00000    0.00000    0.00001    0.00009
   4.77500    0.00000    0.00000    0.00000    0.00000    0.00001    0.00007
   4.80000    0.00000    0.00000    0.00000    0.00000    0.00001    0.00006
   4.82500    0.00000    0.00000    0.00000    0.00000    0.00001    0.00005
   4.85000    0.00000    0.00000    0.00000    0.00000    0.00001    0.00004
   4.87500    0.00000    0.00000    0.00000    0.00000    0.00000    0.00003
   4.90000    0.00000    0.00000    0.00000    0.00000    0.00000    0.00003
   4.92500    0.00000    0.00000    0.00000    0.00000    0.00000    0.00002
   4.95000    0.00000    0.00000    0.00000    0.00000    0.00000    0.00002
   4.97500    0.00000    0.00000    0.00000    0.00000    0.00000    0.00002
   5.00000    0.00000    0.00000    0.00000    0.00000    0.00000    0.00001
   5.02500    0.00000    0.00000    0.00000    0.00000    0.00000    0.00001
   5.05000    0.00000    0.00000    0.00000    0.00000    0.00000    0.00001
   5.07500    0.00000    0.00000    0.00000    0.00000    0.00000    0.00001
   5.10000    0.00000    0.00000    0.00000    0.00000    0.00000    0.00001
   5.12500    0.00000    0.00000    0.00000    0.00000    0.00000    0.00000
   5.15000    0.00000    0.00000    0.00000    0.00000    0.00000    0.00000
   5.17500    0.00000    0.00000    0.00000    0.00000    0.00000    0.00000
   5.20000    0.00000    0.00000    0.00000    0.00000    0.00000    0.00000
   5.22500    0.00000    0.00000    0.00000    0.00000    0.00000    0.00000
   5.25000    0.00000    0.00000    0.00000    0.00000    0.00000    0.00000
   5.27500    0.00000    0.00000    0.00000    0.00000    0.00000    0.00000
   5.30000    0.00000    0.00000    0.00000    0.00000    0.00000    0.00000
   5.32500    0.00000    0.00000    0.00000    0.00000    0.00000    0.00000
   5.35000    0.00000    0.00000    0.00000    0.00000    0.00000    0.00000
   5.37500    0.00000    0.00000    0.00000    0.00000    0.00000    0.00000
   5.40000    0.00000    0.00000    0.00000    0.00000    0.00000    0.00000
   5.42500    0.00000    0.00000    0.00000    0.00000    0.00000    0.00000
   5.45000    0.00000    0.00000    0.00000    0.00000    0.00000    0.00000
   5.47500    0.00000    0.00000    0.00000    0.00000    0.00000    0.00000
   5.50000    0.00000    0.00000    0.00000    0.00000    0.00000    0.00000
   5.52500    0.00000    0.00000    0.00000    0.00000    0.00000    0.00000
   5.55000    0.00000    0.00000    0.00000    0.00000    0.00000    0.00000
   5.57500    0.00000    0.00000    0.00000    0.00000    0.00000    0.00000
   5.60000    0.00000    0.00000    0.00000    0.00000    0.00000    0.00000
   5.62500    0.00000    0.00000    0.00000    0.00000    0.00000    0.00000
   5.65000    0.00000    0.00000    0.00000    0.00000    0.00000    0.00000
   5.67500    0.00000    0.00000    0.00000    0.00000    0.00000    0.00000
   5.70000    0.00000    0.00000    0.00000    0.00000    0.00000    0.00000
   5.72500    0.00000    0.00000    0.00000    0.00000    0.00000    0.00000
   5.75000    0.00000    0.00000    0.00000    0.00000    0.00000    0.00000
   5.77500    0.00000    0.00000    0.00000    0.00000    0.00000    0.00000
   5.80000    0.00000    0.00000    0.00000    0.00000    0.00000    0.00000
   5.82500    0.00000    0.00000    0.00000    0.00000    0.00000    0.00000
   5.85000    0.00000    0.00000    0.00000    0.00000    0.00000    0.00000
   5.87500    0.00000    0.00000    0.00000    0.00000    0.00000    0.00000
   5.90000    0.00000    0.00000    0.00000    0.00000    0.00000    0.00000
   5.92500    0.00000    0.00000    0.00000    0.00000    0.00000    0.00000
   5.95000    0.00000    0.00000    0.00000    0.00000    0.00000    0.00000
   5.97500    0.00000    0.00000    0.00000    0.00000    0.00000    0.00000
   6.00000    0.00000    0.00000    0.00000    0.00000    0.00000    0.00000
   6.02500    0.00000    0.00000    0.00000    0.00000    0.00000    0.00000
   6.05000    0.00000    0.00000    0.00000    0.00000    0.00000    0.00000
   6.07500    0.00000    0.00000    0.00000    0.00000    0.00000    0.00000
   6.10000    0.00000    0.00000    0.00000    0.00000    0.00000    0.00000
   6.12500    0.00000    0.00000    0.00000    0.00000    0.00000    0.00000
   6.15000    0.00000    0.00000    0.00000    0.00000    0.00000    0.00000
   6.17500    0.00000    0.00000    0.00000    0.00000    0.00000    0.00000
   6.20000    0.00000    0.00000    0.00000    0.00000    0.00000    0.00000
   6.22500    0.00000    0.00000    0.00000    0.00000    0.00000    0.00000
   6.25000    0.00000    0.00000    0.00000    0.00000    0.00000    0.00000
   6.27500    0.00000    0.00000    0.00000    0.00000    0.00000    0.00000
   6.30000    0.00000    0.00000    0.00000    0.00000    0.00000    0.00000
   6.32500    0.00000    0.00000    0.00000    0.00000    0.00000    0.00000
   6.35000    0.00000    0.00000    0.00000    0.00000    0.00000    0.00000
   6.37500    0.00000    0.00000    0.00000    0.00000    0.00000    0.00000
   6.40000    0.00000    0.00000    0.00000    0.00000    0.00000    0.00000
   6.42500    0.00000    0.00000    0.00000    0.00000    0.00000    0.00000
   6.45000    0.00000    0.00000    0.00000    0.00000    0.00000    0.00000
   6.47500    0.00000    0.00000    0.00000    0.00000    0.00000    0.00000
   6.50000    0.00000    0.00000    0.00000    0.00000    0.00000    0.00000
   6.52500    0.00000    0.00000    0.00000    0.00000    0.00000    0.00000
   6.55000    0.00000    0.00000    0.00000    0.00000    0.00000    0.00000
   6.57500    0.00000    0.00000    0.00000    0.00000    0.00000    0.00000
   6.60000    0.00000    0.00000    0.00000    0.00000    0.00000    0.00000
   6.62500    0.00000    0.00000    0.00000    0.00000    0.00000    0.00000
   6.65000    0.00000    0.00000    0.00000    0.00000    0.00000    0.00000
   6.67500    0.00000    0.00000    0.00000    0.00000    0.00000    0.00000
   6.70000    0.00000    0.00000    0.00000    0.00000    0.00000    0.00000
   6.72500    0.00000    0.00000    0.00000    0.00000    0.00000    0.00000
   6.75000    0.00000    0.00000    0.00000    0.00000    0.00000    0.00000
   6.77500    0.00000    0.00000    0.00000    0.00000    0.00000    0.00000
   6.80000    0.00000    0.00000    0.00000    0.00000    0.00000    0.00000
   6.82500    0.00000    0.00000    0.00000    0.00000    0.00000    0.00000
   6.85000    0.00000    0.00000    0.00000    0.00000    0.00000    0.00000
   6.87500    0.00000    0.00000    0.00000    0.00000    0.00000    0.00000
   6.90000    0.00000    0.00000    0.00000    0.00000    0.00000    0.00000
   6.92500    0.00000    0.00000    0.00000    0.00000    0.00000    0.00000
   6.95000    0.00000    0.00000    0.00000    0.00000    0.00000    0.00000
   6.97500    0.00000    0.00000    0.00000    0.00000    0.00000    0.00000
   7.00000    0.00000    0.00000    0.00000    0.00000    0.00000    0.00000
   7.02500    0.00000    0.00000    0.00000    0.00000    0.00000    0.00000
   7.05000    0.00000    0.00000    0.00000    0.00000    0.00000    0.00000
   7.07500    0.00000    0.00000    0.00000    0.00000    0.00000    0.00000
   7.10000    0.00000    0.00000    0.00000    0.00000    0.00000    0.00000
   7.12500    0.00000    0.00000    0.00000    0.00000    0.00000    0.00000
   7.15000    0.00000    0.00000    0.00000    0.00000    0.00000    0.00000
   7.17500    0.00000    0.00000    0.00000    0.00000    0.00000    0.00000
   7.20000    0.00000    0.00000    0.00000    0.00000    0.00000    0.00000
   7.22500    0.00000    0.00000    0.00000    0.00000    0.00000    0.00000
   7.25000    0.00000    0.00000    0.00000    0.00000    0.00000    0.00000
   7.27500    0.00000    0.00000    0.00000    0.00000    0.00000    0.00000
   7.30000    0.00000    0.00000    0.00000    0.00000    0.00000    0.00000
   7.32500    0.00000    0.00000    0.00000    0.00000    0.00000    0.00000
   7.35000    0.00000    0.00000    0.00000    0.00000    0.00000    0.00000
   7.37500    0.00000    0.00000    0.00000    0.00000    0.00000    0.00000
   7.40000    0.00000    0.00000    0.00000    0.00000    0.00000    0.00000
   7.42500    0.00000    0.00000    0.00000    0.00000    0.00000    0.00000
   7.45000    0.00000    0.00000    0.00000    0.00000    0.00000    0.00000
   7.47500    0.00000    0.00000    0.00000    0.00000    0.00000    0.00000
   7.50000    0.00000    0.00000    0.00000    0.00000    0.00000    0.00000
   7.52500    0.00000    0.00000    0.00000    0.00000    0.00000    0.00000
   7.55000    0.00000    0.00000    0.00000    0.00000    0.00000    0.00000
   7.57500    0.00000    0.00000    0.00000    0.00000    0.00000    0.00000
   7.60000    0.00000    0.00000    0.00000    0.00000    0.00000    0.00000
   7.62500    0.00000    0.00000    0.00000    0.00000    0.00000    0.00000
   7.65000    0.00000    0.00000    0.00000    0.00000    0.00000    0.00000
   7.67500    0.00000    0.00000    0.00000    0.00000    0.00000    0.00000
   7.70000    0.00000    0.00000    0.00000    0.00000    0.00000    0.00000
   7.72500    0.00000    0.00000    0.00000    0.00000    0.00000    0.00000
   7.75000    0.00000    0.00000    0.00000    0.00000    0.00000    0.00000
   7.77500    0.00000    0.00000    0.00000    0.00000    0.00000    0.00000
   7.80000    0.00000    0.00000    0.00000    0.00000    0.00000    0.00000
   7.82500    0.00000    0.00000    0.00000    0.00000    0.00000    0.00000
   7.85000    0.00000    0.00000    0.00000    0.00000    0.00000    0.00000
   7.87500    0.00000    0.00000    0.00000    0.00000    0.00000    0.00000
   7.90000    0.00000    0.00000    0.00000    0.00000    0.00000    0.00000
   7.92500    0.00000    0.00000    0.00000    0.00000    0.00000    0.00000
   7.95000    0.00000    0.00000    0.00000    0.00000    0.00000    0.00000
   7.97500    0.00000    0.00000    0.00000    0.00000    0.00000    0.00000
   8.00000    0.00000    0.00000    0.00000    0.00000    0.00000    0.00000
   8.02500    0.00000    0.00000    0.00000    0.00000    0.00000    0.00000
   8.05000    0.00000    0.00000    0.00000    0.00000    0.00000    0.00000
   8.07500    0.00000    0.00000    0.00000    0.00000    0.00000    0.00000
   8.10000    0.00000    0.00000    0.00000    0.00000    0.00000    0.00000
   8.12500    0.00000    0.00000    0.00000    0.00000    0.00000    0.00000
   8.15000    0.00000    0.00000    0.00000    0.00000    0.00000    0.00000
   8.17500    0.00000    0.00000    0.00000    0.00000    0.00000    0.00000
   8.20000    0.00000    0.00000    0.00000    0.00000    0.00000    0.00000
   8.22500    0.00000    0.00000    0.00000    0.00000    0.00000    0.00000
   8.25000    0.00000    0.00000    0.00000    0.00000    0.00000    0.00000
   8.27500    0.00000    0.00000    0.00000    0.00000    0.00000    0.00000
   8.30000    0.00000    0.00000    0.00000    0.00000    0.00000    0.00000
   8.32500    0.00000    0.00000    0.00000    0.00000    0.00000    0.00000
   8.35000    0.00000    0.00000    0.00000    0.00000    0.00000    0.00000
   8.37500    0.00000    0.00000    0.00000    0.00000    0.00000    0.00000
   8.40000    0.00000    0.00000    0.00000    0.00000    0.00000    0.00000
   8.42500    0.00000    0.00000    0.00000    0.00000    0.00000    0.00000
   8.45000    0.00000    0.00000    0.00000    0.00000    0.00000    0.00000
   8.47500    0.00000    0.00000    0.00000    0.00000    0.00000    0.00000
   8.50000    0.00000    0.00000    0.00000    0.00000    0.00000    0.00000
   8.52500    0.00000    0.00000    0.00000    0.00000    0.00000    0.00000
   8.55000    0.00000    0.00000    0.00000    0.00000    0.00000    0.00000
   8.57500    0.00000    0.00000    0.00000    0.00000    0.00000    0.00000
   8.60000    0.00000    0.00000    0.00000    0.00000    0.00000    0.00000
   8.62500    0.00000    0.00000    0.00000    0.00000    0.00000    0.00000
   8.65000    0.00000    0.00000    0.00000    0.00000    0.00000    0.00000
   8.67500    0.00000    0.00000    0.00000    0.00000    0.00000    0.00000
   8.70000    0.00000    0.00000    0.00000    0.00000    0.00000    0.00000
   8.72500    0.00000    0.00000    0.00000    0.00000    0.00000    0.00000
   8.75000    0.00000    0.00000    0.00000    0.00000    0.00000    0.00000
   8.77500    0.00000    0.00000    0.00000    0.00000    0.00000    0.00000
   8.80000    0.00000    0.00000    0.00000    0.00000    0.00000    0.00000
   8.82500    0.00000    0.00000    0.00000    0.00000    0.00000    0.00000
   8.85000    0.00000    0.00000    0.00000    0.00000    0.00000    0.00000
   8.87500    0.00000    0.00000    0.00000    0.00000    0.00000    0.00000
   8.90000    0.00000    0.00000    0.00000    0.00000    0.00000    0.00000
   8.92500    0.00000    0.00000    0.00000    0.00000    0.00000    0.00000
   8.95000    0.00000    0.00000    0.00000    0.00000    0.00000    0.00000
   8.97500    0.00000    0.00000    0.00000    0.00000    0.00000    0.00000
   9.00000    0.00000    0.00000    0.00000    0.00000    0.00000    0.00000
   9.02500    0.00000    0.00000    0.00000    0.00000    0.00000    0.00000
   9.05000    0.00000    0.00000    0.00000    0.00000    0.00000    0.00000
   9.07500    0.00000    0.00000    0.00000    0.00000    0.00000    0.00000
   9.10000    0.00000    0.00000    0.00000    0.00000    0.00000    0.00000
   9.12500    0.00000    0.00000    0.00000    0.00000    0.00000    0.00000
   9.15000    0.00000    0.00000    0.00000    0.00000    0.00000    0.00000
   9.17500    0.00000    0.00000    0.00000    0.00000    0.00000    0.00000
   9.20000    0.00000    0.00000    0.00000    0.00000    0.00000    0.00000
   9.22500    0.00000    0.00000    0.00000    0.00000    0.00000    0.00000
   9.25000    0.00000    0.00000    0.00000    0.00000    0.00000    0.00000
   9.27500    0.00000    0.00000    0.00000    0.00000    0.00000    0.00000
   9.30000    0.00000    0.00000    0.00000    0.00000    0.00000    0.00000
   9.32500    0.00000    0.00000    0.00000    0.00000    0.00000    0.00000
   9.35000    0.00000    0.00000    0.00000    0.00000    0.00000    0.00000
   9.37500    0.00000    0.00000    0.00000    0.00000    0.00000    0.00000
   9.40000    0.00000    0.00000    0.00000    0.00000    0.00000    0.00000
   9.42500    0.00000    0.00000    0.00000    0.00000    0.00000    0.00000
   9.45000    0.00000    0.00000    0.00000    0.00000    0.00000    0.00000
   9.47500    0.00000    0.00000    0.00000    0.00000    0.00000    0.00000
   9.50000    0.00000    0.00000    0.00000    0.00000    0.00000    0.00000
   9.52500    0.00000    0.00000    0.00000    0.00000    0.00000    0.00000
   9.55000    0.00000    0.00000    0.00000    0.00000    0.00000    0.00000
   9.57500    0.00000    0.00000    0.00000    0.00000    0.00000    0.00000
   9.60000    0.00000    0.00000    0.00000    0.00000    0.00000    0.00000
   9.62500    0.00000    0.00000    0.00000    0.00000    0.00000    0.00000
   9.65000    0.00000    0.00000    0.00000    0.00000    0.00000    0.00000
   9.67500    0.00000    0.00000    0.00000    0.00000    0.00000    0.00000
   9.70000    0.00000    0.00000    0.00000    0.00000    0.00000    0.00000
   9.72500    0.00000    0.00000    0.00000    0.00000    0.00000    0.00000
   9.75000    0.00000    0.00000    0.00000    0.00000    0.00000    0.00000
   9.77500    0.00000    0.00000    0.00000    0.00000    0.00000    0.00000
   9.80000    0.00000    0.00000    0.00000    0.00000    0.00000    0.00000
   9.82500    0.00000    0.00000    0.00000    0.00000    0.00000    0.00000
   9.85000    0.00000    0.00000    0.00000    0.00000    0.00000    0.00000
   9.87500    0.00000    0.00000    0.00000    0.00000    0.00000    0.00000
   9.90000    0.00000    0.00000    0.00000    0.00000    0.00000    0.00000
   9.92500    0.00000    0.00000    0.00000    0.00000    0.00000    0.00000
   9.95000    0.00000    0.00000    0.00000    0.00000    0.00000    0.00000
   9.97500    0.00000    0.00000    0.00000    0.00000    0.00000    0.00000
  10.00000    0.00000    0.00000    0.00000    0.00000    0.00000    0.00000
