#  400        0.500065   1.500082   2.500091   3.500162   4.500187   5.499890
  -9.97500    0.00000    0.00000    0.00000    0.00000    0.00000    0.00000
  -9.95000    0.00000    0.00000    0.00000    0.00000    0.00000    0.00000
  -9.92500    0.00000    0.00000    0.00000    0.00000    0.00000    0.00000
  -9.90000    0.00000    0.00000    0.00000    0.00000    0.00000    0.00000
  -9.87500    0.00000    0.00000    0.00000    0.00000    0.00000    0.00000
  -9.85000    0.00000    0.00000    0.00000    0.00000    0.00000    0.00000
  -9.82500    0.00000    0.00000    0.00000    0.00000    0.00000    0.00000
  -9.80000    0.00000    0.00000    0.00000    0.00000    0.00000    0.00000
  -9.77500    0.00000    0.00000    0.00000    0.00000    0.00000    0.00000
  -9.75000    0.00000    0.00000    0.00000    0.00000    0.00000    0.00000
  -9.72500    0.00000    0.00000    0.00000    0.00000    0.00000    0.00000
  -9.70000    0.00000    0.00000    0.00000    0.00000    0.00000    0.00000
  -9.67500    0.00000    0.00000    0.00000    0.00000    0.00000    0.00000
  -9.65000    0.00000    0.00000    0.00000    0.00000    0.00000    0.00000
  -9.62500    0.00000    0.00000    0.00000    0.00000    0.00000    0.00000
  -9.60000    0.00000    0.00000    0.00000    0.00000    0.00000    0.00000
  -9.57500    0.00000    0.00000    0.00000    0.00000    0.00000    0.00000
  -9.55000    0.00000    0.00000    0.00000    0.00000    0.00000    0.00000
  -9.52500    0.00000    0.00000    0.00000    0.00000    0.00000    0.00000
  -9.50000    0.00000    0.00000    0.00000    0.00000    0.00000    0.00000
  -9.47500    0.00000    0.00000    0.00000    0.00000    0.00000    0.00000
  -9.45000    0.00000    0.00000    0.00000    0.00000    0.00000    0.00000
  -9.42500    0.00000    0.00000    0.00000    0.00000    0.00000    0.00000
  -9.40000    0.00000    0.00000    0.00000    0.00000    0.00000    0.00000
  -9.37500    0.00000    0.00000    0.00000    0.00000    0.00000    0.00000
  -9.35000    0.00000    0.00000    0.00000    0.00000    0.00000    0.00000
  -9.32500    0.00000    0.00000    0.00000    0.00000    0.00000    0.00000
  -9.30000    0.00000    0.00000    0.00000    0.00000    0.00000    0.00000
  -9.27500    0.00000    0.00000    0.00000    0.00000    0.00000    0.00000
  -9.25000    0.00000    0.00000    0.00000    0.00000    0.00000    0.00000
  -9.22500    0.00000    0.00000    0.00000    0.00000    0.00000    0.00000
  -9.20000    0.00000    0.00000    0.00000    0.00000    0.00000    0.00000
  -9.17500    0.00000    0.00000    0.00000    0.00000    0.00000    0.00000
  -9.15000    0.00000    0.00000    0.00000    0.00000    0.00000    0.00000
  -9.12500    0.00000    0.00000    0.00000    0.00000    0.00000    0.00000
  -9.10000    0.00000    0.00000    0.00000    0.00000    0.00000    0.00000
  -9.07500    0.00000    0.00000    0.00000    0.00000    0.00000    0.00000
  -9.05000    0.00000    0.00000    0.00000    0.00000    0.00000    0.00000
  -9.02500    0.00000    0.00000    0.00000    0.00000    0.00000    0.00000
  -9.00000    0.00000    0.00000    0.00000    0.00000    0.00000    0.00000
  -8.97500    0.00000    0.00000    0.00000    0.00000    0.00000    0.00000
  -8.95000    0.00000    0.00000    0.00000    0.00000    0.00000    0.00000
  -8.92500    0.00000    0.00000    0.00000    0.00000    0.00000    0.00000
  -8.90000    0.00000    0.00000    0.00000    0.00000    0.00000    0.00000
  -8.87500    0.00000    0.00000    0.00000    0.00000    0.00000    0.00000
  -8.85000    0.00000    0.00000    0.00000    0.00000    0.00000    0.00000
  -8.82500    0.00000    0.00000    0.00000    0.00000    0.00000    0.00000
  -8.80000    0.00000    0.00000    0.00000    0.00000    0.00000    0.00000
  -8.77500    0.00000    0.00000    0.00000    0.00000    0.00000    0.00000
  -8.75000    0.00000    0.00000    0.00000    0.00000    0.00000    0.00000
  -8.72500    0.00000    0.00000    0.00000    0.00000    0.00000    0.00000
  -8.70000    0.00000    0.00000    0.00000    0.00000    0.00000    0.00000
  -8.67500    0.00000    0.00000    0.00000    0.00000    0.00000    0.00000
  -8.65000    0.00000    0.00000    0.00000    0.00000    0.00000    0.00000
  -8.62500    0.00000    0.00000    0.00000    0.00000    0.00000    0.00000
  -8.60000    0.00000    0.00000    0.00000    0.00000    0.00000    0.00000
  -8.57500    0.00000    0.00000    0.00000    0.00000    0.00000    0.00000
  -8.55000    0.00000    0.00000    0.00000    0.00000    0.00000    0.00000
  -8.52500    0.00000    0.00000    0.00000    0.00000    0.00000    0.00000
  -8.50000    0.00000    0.00000    0.00000    0.00000    0.00000    0.00000
  -8.47500    0.00000    0.00000    0.00000    0.00000    0.00000    0.00000
  -8.45000    0.00000    0.00000    0.00000    0.00000    0.00000    0.00000
  -8.42500    0.00000    0.00000    0.00000    0.00000    0.00000    0.00000
  -8.40000    0.00000    0.00000    0.00000    0.00000    0.00000    0.00000
  -8.37500    0.00000    0.00000    0.00000    0.00000    0.00000    0.00000
  -8.35000    0.00000    0.00000    0.00000    0.00000    0.00000    0.00000
  -8.32500    0.00000    0.00000    0.00000    0.00000    0.00000    0.00000
  -8.30000    0.00000    0.00000    0.00000    0.00000    0.00000    0.00000
  -8.27500    0.00000    0.00000    0.00000    0.00000    0.00000    0.00000
  -8.25000    0.00000    0.00000    0.00000    0.00000    0.00000    0.00000
  -8.22500    0.00000    0.00000    0.00000    0.00000    0.00000    0.00000
  -8.20000    0.00000    0.00000    0.00000    0.00000    0.00000    0.00000
  -8.17500    0.00000    0.00000    0.00000    0.00000    0.00000    0.00000
  -8.15000    0.00000    0.00000    0.00000    0.00000    0.00000    0.00000
  -8.12500    0.00000    0.00000    0.00000    0.00000    0.00000    0.00000
  -8.10000    0.00000    0.00000    0.00000    0.00000    0.00000    0.00000
  -8.07500    0.00000    0.00000    0.00000    0.00000    0.00000    0.00000
  -8.05000    0.00000    0.00000    0.00000    0.00000    0.00000    0.00000
  -8.02500    0.00000    0.00000    0.00000    0.00000    0.00000    0.00000
  -8.00000    0.00000    0.00000    0.00000    0.00000    0.00000    0.00000
  -7.97500    0.00000    0.00000    0.00000    0.00000    0.00000    0.00000
  -7.95000    0.00000    0.00000    0.00000    0.00000    0.00000    0.00000
  -7.92500    0.00000    0.00000    0.00000    0.00000    0.00000    0.00000
  -7.90000    0.00000    0.00000    0.00000    0.00000    0.00000    0.00000
  -7.87500    0.00000    0.00000    0.00000    0.00000    0.00000    0.00000
  -7.85000    0.00000    0.00000    0.00000    0.00000    0.00000    0.00000
  -7.82500    0.00000    0.00000    0.00000    0.00000    0.00000    0.00000
  -7.80000    0.00000    0.00000    0.00000    0.00000    0.00000    0.00000
  -7.77500    0.00000    0.00000    0.00000    0.00000    0.00000    0.00000
  -7.75000    0.00000    0.00000    0.00000    0.00000    0.00000    0.00000
  -7.72500    0.00000    0.00000    0.00000    0.00000    0.00000    0.00000
  -7.70000    0.00000    0.00000    0.00000    0.00000    0.00000    0.00000
  -7.67500    0.00000    0.00000    0.00000    0.00000    0.00000    0.00000
  -7.65000    0.00000    0.00000    0.00000    0.00000    0.00000    0.00000
  -7.62500    0.00000    0.00000    0.00000    0.00000    0.00000    0.00000
  -7.60000    0.00000    0.00000    0.00000    0.00000    0.00000    0.00000
  -7.57500    0.00000    0.00000    0.00000    0.00000    0.00000    0.00000
  -7.55000    0.00000    0.00000    0.00000    0.00000    0.00000    0.00000
  -7.52500    0.00000    0.00000    0.00000    0.00000    0.00000    0.00000
  -7.50000    0.00000    0.00000    0.00000    0.00000    0.00000    0.00000
  -7.47500    0.00000    0.00000    0.00000    0.00000    0.00000    0.00000
  -7.45000    0.00000    0.00000    0.00000    0.00000    0.00000    0.00000
  -7.42500    0.00000    0.00000    0.00000    0.00000    0.00000    0.00000
  -7.40000    0.00000    0.00000    0.00000    0.00000    0.00000    0.00000
  -7.37500    0.00000    0.00000    0.00000    0.00000    0.00000    0.00000
  -7.35000    0.00000    0.00000    0.00000    0.00000    0.00000    0.00000
  -7.32500    0.00000    0.00000    0.00000    0.00000    0.00000    0.00000
  -7.30000    0.00000    0.00000    0.00000    0.00000    0.00000    0.00000
  -7.27500    0.00000    0.00000    0.00000    0.00000    0.00000    0.00000
  -7.25000    0.00000    0.00000    0.00000    0.00000    0.00000    0.00000
  -7.22500    0.00000    0.00000    0.00000    0.00000    0.00000    0.00000
  -7.20000    0.00000    0.00000    0.00000    0.00000    0.00000    0.00000
  -7.17500    0.00000    0.00000    0.00000    0.00000    0.00000    0.00000
  -7.15000    0.00000    0.00000    0.00000    0.00000    0.00000    0.00000
  -7.12500    0.00000    0.00000    0.00000    0.00000    0.00000    0.00000
  -7.10000    0.00000    0.00000    0.00000    0.00000    0.00000    0.00000
  -7.07500    0.00000    0.00000    0.00000    0.00000    0.00000    0.00000
  -7.05000    0.00000    0.00000    0.00000    0.00000    0.00000    0.00000
  -7.02500    0.00000    0.00000    0.00000    0.00000    0.00000    0.00000
  -7.00000    0.00000    0.00000    0.00000    0.00000    0.00000    0.00000
  -6.97500    0.00000    0.00000    0.00000    0.00000    0.00000    0.00000
  -6.95000    0.00000    0.00000    0.00000    0.00000    0.00000    0.00000
  -6.92500    0.00000    0.00000    0.00000    0.00000    0.00000    0.00000
  -6.90000    0.00000    0.00000    0.00000    0.00000    0.00000    0.00000
  -6.87500    0.00000    0.00000    0.00000    0.00000    0.00000    0.00000
  -6.85000    0.00000    0.00000    0.00000    0.00000    0.00000    0.00000
  -6.82500    0.00000    0.00000    0.00000    0.00000    0.00000    0.00000
  -6.80000    0.00000    0.00000    0.00000    0.00000    0.00000    0.00000
  -6.77500    0.00000    0.00000    0.00000    0.00000    0.00000    0.00000
  -6.75000    0.00000    0.00000    0.00000    0.00000    0.00000    0.00000
  -6.72500    0.00000    0.00000    0.00000    0.00000    0.00000    0.00000
  -6.70000    0.00000    0.00000    0.00000    0.00000    0.00000    0.00000
  -6.67500    0.00000    0.00000    0.00000    0.00000    0.00000    0.00000
  -6.65000    0.00000    0.00000    0.00000    0.00000    0.00000    0.00000
  -6.62500    0.00000    0.00000    0.00000    0.00000    0.00000    0.00000
  -6.60000    0.00000    0.00000    0.00000    0.00000    0.00000    0.00000
  -6.57500    0.00000    0.00000    0.00000    0.00000    0.00000    0.00000
  -6.55000    0.00000    0.00000    0.00000    0.00000    0.00000    0.00000
  -6.52500    0.00000    0.00000    0.00000    0.00000    0.00000    0.00000
  -6.50000    0.00000    0.00000    0.00000    0.00000    0.00000    0.00000
  -6.47500    0.00000    0.00000    0.00000    0.00000    0.00000    0.00000
  -6.45000    0.00000    0.00000    0.00000    0.00000    0.00000    0.00000
  -6.42500    0.00000    0.00000    0.00000    0.00000    0.00000    0.00000
  -6.40000    0.00000    0.00000    0.00000    0.00000    0.00000    0.00000
  -6.37500    0.00000    0.00000    0.00000    0.00000    0.00000    0.00000
  -6.35000    0.00000    0.00000    0.00000    0.00000    0.00000    0.00000
  -6.32500    0.00000    0.00000    0.00000    0.00000    0.00000    0.00000
  -6.30000    0.00000    0.00000    0.00000    0.00000    0.00000    0.00000
  -6.27500    0.00000    0.00000    0.00000    0.00000    0.00000    0.00000
  -6.25000    0.00000    0.00000    0.00000    0.00000    0.00000    0.00000
  -6.22500    0.00000    0.00000    0.00000    0.00000    0.00000    0.00000
  -6.20000    0.00000    0.00000    0.00000    0.00000    0.00000    0.00000
  -6.17500    0.00000    0.00000    0.00000    0.00000    0.00000    0.00000
  -6.15000    0.00000    0.00000    0.00000    0.00000    0.00000    0.00000
  -6.12500    0.00000    0.00000    0.00000    0.00000    0.00000    0.00000
  -6.10000    0.00000    0.00000    0.00000    0.00000    0.00000    0.00000
  -6.07500    0.00000    0.00000    0.00000    0.00000    0.00000    0.00000
  -6.05000    0.00000    0.00000    0.00000    0.00000    0.00000    0.00000
  -6.02500    0.00000    0.00000    0.00000    0.00000    0.00000    0.00000
  -6.00000    0.00000    0.00000    0.00000    0.00000    0.00000    0.00000
  -5.97500    0.00000    0.00000    0.00000    0.00000    0.00000    0.00000
  -5.95000    0.00000    0.00000    0.00000    0.00000    0.00000    0.00000
  -5.92500    0.00000    0.00000    0.00000    0.00000    0.00000    0.00000
  -5.90000    0.00000    0.00000    0.00000    0.00000    0.00000    0.00000
  -5.87500    0.00000    0.00000    0.00000    0.00000    0.00000    0.00000
  -5.85000    0.00000    0.00000    0.00000    0.00000    0.00000    0.00000
  -5.82500    0.00000    0.00000    0.00000    0.00000    0.00000    0.00000
  -5.80000    0.00000    0.00000    0.00000    0.00000    0.00000    0.00000
  -5.77500    0.00000    0.00000    0.00000    0.00000    0.00000    0.00000
  -5.75000    0.00000    0.00000    0.00000    0.00000    0.00000    0.00000
  -5.72500    0.00000    0.00000    0.00000    0.00000    0.00000    0.00000
  -5.70000    0.00000    0.00000    0.00000    0.00000    0.00000    0.00000
  -5.67500    0.00000    0.00000    0.00000    0.00000    0.00000    0.00000
  -5.65000    0.00000    0.00000    0.00000    0.00000    0.00000    0.00000
  -5.62500    0.00000    0.00000    0.00000    0.00000    0.00000    0.00000
  -5.60000    0.00000    0.00000    0.00000    0.00000    0.00000    0.00000
  -5.57500    0.00000    0.00000    0.00000    0.00000    0.00000    0.00000
  -5.55000    0.00000    0.00000    0.00000    0.00000    0.00000    0.00000
  -5.52500    0.00000    0.00000    0.00000    0.00000    0.00000    0.00000
  -5.50000    0.00000    0.00000    0.00000    0.00000    0.00000    0.00000
  -5.47500    0.00000    0.00000    0.00000    0.00000    0.00000    0.00000
  -5.45000    0.00000    0.00000    0.00000    0.00000    0.00000    0.00000
  -5.42500    0.00000    0.00000    0.00000    0.00000    0.00000    0.00000
  -5.40000    0.00000    0.00000    0.00000    0.00000    0.00000    0.00000
  -5.37500    0.00000    0.00000    0.00000    0.00000    0.00000    0.00000
  -5.35000    0.00000    0.00000    0.00000    0.00000    0.00000    0.00000
  -5.32500    0.00000    0.00000    0.00000    0.00000    0.00000    0.00000
  -5.30000    0.00000    0.00000    0.00000    0.00000    0.00000    0.00000
  -5.27500    0.00000    0.00000    0.00000    0.00000    0.00000    0.00000
  -5.25000    0.00000    0.00000    0.00000    0.00000    0.00000    0.00000
  -5.22500    0.00000    0.00000    0.00000    0.00000    0.00000    0.00000
  -5.20000    0.00000    0.00000    0.00000    0.00000    0.00000    0.00000
  -5.17500    0.00000    0.00000    0.00000    0.00000    0.00000    0.00000
  -5.15000    0.00000    0.00000    0.00000    0.00000    0.00000    0.00000
  -5.12500    0.00000    0.00000    0.00000    0.00000    0.00000    0.00000
  -5.10000    0.00000    0.00000    0.00000    0.00000    0.00000    0.00001
  -5.07500    0.00000    0.00000    0.00000    0.00000    0.00000    0.00001
  -5.05000    0.00000    0.00000    0.00000    0.00000    0.00000    0.00001
  -5.02500    0.00000    0.00000    0.00000    0.00000    0.00000    0.00001
  -5.00000    0.00000    0.00000    0.00000    0.00000    0.00000    0.00001
  -4.97500    0.00000    0.00000    0.00000    0.00000    0.00000    0.00002
  -4.95000    0.00000    0.00000    0.00000    0.00000    0.00000    0.00002
  -4.92500    0.00000    0.00000    0.00000    0.00000    0.00000    0.00002
  -4.90000    0.00000    0.00000    0.00000    0.00000    0.00000    0.00003
  -4.87500    0.00000    0.00000    0.00000    0.00000    0.00000    0.00003
  -4.85000    0.00000    0.00000    0.00000    0.00000    0.00001    0.00004
  -4.82500    0.00000    0.00000    0.00000    0.00000    0.00001    0.00005
  -4.80000    0.00000    0.00000    0.00000    0.00000    0.00001    0.00006
  -4.77500    0.00000    0.00000    0.00000    0.00000    0.00001    0.00007
  -4.75000    0.00000    0.00000    0.00000    0.00000    0.00001    0.00009
  -4.72500    0.00000    0.00000    0.00000    0.00000    0.00001    0.00010
  -4.70000    0.00000    0.00000    0.00000    0.00000    0.00002    0.00012
  -4.67500    0.00000    0.00000    0.00000    0.00000    0.00002    0.00015
  -4.65000    0.00000    0.00000    0.00000    0.00000    0.00002    0.00017
  -4.62500    0.00000    0.00000    0.00000    0.00000    0.00003    0.00021
  -4.60000    0.00000    0.00000    0.00000    0.00000    0.00004    0.00025
  -4.57500    0.00000    0.00000    0.00000    0.00000    0.00004    0.00029
  -4.55000    0.00000    0.00000    0.00000    0.00001    0.00005    0.00034
  -4.52500    0.00000    0.00000    0.00000    0.00001    0.00006    0.00041
  -4.50000    0.00000    0.00000    0.00000    0.00001    0.00007    0.00048
  -4.47500    0.00000    0.00000    0.00000    0.00001    0.00009    0.00056
  -4.45000    0.00000    0.00000    0.00000    0.00001    0.00011    0.00066
  -4.42500    0.00000    0.00000    0.00000    0.00002    0.00012    0.00077
  -4.40000    0.00000    0.00000    0.00000    0.00002    0.00015    0.00091
  -4.37500    0.00000    0.00000    0.00000    0.00002    0.00018    0.00106
  -4.35000    0.00000    0.00000    0.00000    0.00003    0.00021    0.00123
  -4.32500    0.00000    0.00000    0.00000    0.00003    0.00025    0.00143
  -4.30000    0.00000    0.00000    0.00000    0.00004    0.00029    0.00167
  -4.27500    0.00000    0.00000    0.00000    0.00004    0.00034    0.00193
  -4.25000    0.00000    0.00000    0.00000    0.00005    0.00040    0.00224
  -4.22500    0.00000    0.00000    0.00001    0.00006    0.00047    0.00259
  -4.20000    0.00000    0.00000    0.00001    0.00008    0.00055    0.00298
  -4.17500    0.00000    0.00000    0.00001    0.00009    0.00064    0.00343
  -4.15000    0.00000    0.00000    0.00001    0.00011    0.00075    0.00395
  -4.12500    0.00000    0.00000    0.00001    0.00013    0.00088    0.00453
  -4.10000    0.00000    0.00000    0.00002    0.00015    0.00102    0.00519
  -4.07500    0.00000    0.00000    0.00002    0.00018    0.00119    0.00593
  -4.05000    0.00000    0.00000    0.00002    0.00021    0.00138    0.00677
  -4.02500    0.00000    0.00000    0.00003    0.00024    0.00160    0.00771
  -4.00000    0.00000    0.00000    0.00003    0.00028    0.00184    0.00876
  -3.97500    0.00000    0.00000    0.00004    0.00033    0.00213    0.00994
  -3.95000    0.00000    0.00000    0.00004    0.00039    0.00245    0.01126
  -3.92500    0.00000    0.00000    0.00005    0.00046    0.00282    0.01273
  -3.90000    0.00000    0.00000    0.00006    0.00053    0.00324    0.01436
  -3.87500    0.00000    0.00001    0.00007    0.00062    0.00372    0.01618
  -3.85000    0.00000    0.00001    0.00008    0.00072    0.00426    0.01818
  -3.82500    0.00000    0.00001    0.00010    0.00084    0.00486    0.02040
  -3.80000    0.00000    0.00001    0.00012    0.00097    0.00555    0.02284
  -3.77500    0.00000    0.00001    0.00014    0.00113    0.00632    0.02552
  -3.75000    0.00000    0.00001    0.00016    0.00130    0.00718    0.02846
  -3.72500    0.00000    0.00001    0.00019    0.00151    0.00815    0.03168
  -3.70000    0.00000    0.00002    0.00022    0.00174    0.00923    0.03518
  -3.67500    0.00000    0.00002    0.00026    0.00200    0.01043    0.03900
  -3.65000    0.00000    0.00002    0.00030    0.00229    0.01177    0.04314
  -3.62500    0.00000    0.00003    0.00035    0.00263    0.01326    0.04762
  -3.60000    0.00000    0.00003    0.00041    0.00301    0.01491    0.05245
  -3.57500    0.00000    0.00004    0.00048    0.00345    0.01674    0.05765
  -3.55000    0.00000    0.00005    0.00056    0.00393    0.01876    0.06323
  -3.52500    0.00000    0.00006    0.00064    0.00448    0.02098    0.06921
  -3.50000    0.00000    0.00007    0.00074    0.00510    0.02341    0.07558
  -3.47500    0.00000    0.00008    0.00086    0.00579    0.02609    0.08235
  -3.45000    0.00000    0.00009    0.00099    0.00657    0.02901    0.08953
  -3.42500    0.00000    0.00011    0.00114    0.00743    0.03220    0.09712
  -3.40000    0.00001    0.00012    0.00132    0.00840    0.03567    0.10510
  -3.37500    0.00001    0.00015    0.00151    0.00948    0.03944    0.11348
  -3.35000    0.00001    0.00017    0.00173    0.01067    0.04352    0.12224
  -3.32500    0.00001    0.00020    0.00198    0.01200    0.04793    0.13135
  -3.30000    0.00001    0.00023    0.00227    0.01347    0.05268    0.14080
  -3.27500    0.00001    0.00027    0.00259    0.01509    0.05778    0.15057
  -3.25000    0.00001    0.00031    0.00295    0.01688    0.06325    0.16060
  -3.22500    0.00002    0.00036    0.00336    0.01886    0.06910    0.17087
  -3.20000    0.00002    0.00041    0.00382    0.02102    0.07533    0.18132
  -3.17500    0.00002    0.00048    0.00433    0.02339    0.08195    0.19191
  -3.15000    0.00003    0.00055    0.00491    0.02598    0.08897    0.20257
  -3.12500    0.00003    0.00063    0.00555    0.02881    0.09638    0.21323
  -3.10000    0.00004    0.00073    0.00627    0.03189    0.10419    0.22384
  -3.07500    0.00004    0.00083    0.00708    0.03523    0.11238    0.23430
  -3.05000    0.00005    0.00096    0.00797    0.03886    0.12094    0.24454
  -3.02500    0.00006    0.00110    0.00896    0.04278    0.12987    0.25447
  -3.00000    0.00007    0.00125    0.01005    0.04701    0.13914    0.26399
  -2.97500    0.00008    0.00143    0.01127    0.05156    0.14873    0.27302
  -2.95000    0.00009    0.00163    0.01260    0.05644    0.15862    0.28146
  -2.92500    0.00011    0.00186    0.01408    0.06167    0.16875    0.28920
  -2.90000    0.00013    0.00211    0.01570    0.06726    0.17911    0.29615
  -2.87500    0.00015    0.00240    0.01749    0.07322    0.18964    0.30222
  -2.85000    0.00017    0.00272    0.01944    0.07954    0.20029    0.30731
  -2.82500    0.00019    0.00308    0.02158    0.08625    0.21100    0.31132
  -2.80000    0.00022    0.00348    0.02391    0.09334    0.22172    0.31418
  -2.77500    0.00026    0.00393    0.02646    0.10080    0.23238    0.31581
  -2.75000    0.00029    0.00443    0.02922    0.10865    0.24289    0.31614
  -2.72500    0.00034    0.00499    0.03222    0.11687    0.25320    0.31511
  -2.70000    0.00039    0.00561    0.03547    0.12546    0.26321    0.31268
  -2.67500    0.00044    0.00630    0.03898    0.13439    0.27284    0.30881
  -2.65000    0.00050    0.00706    0.04277    0.14366    0.28201    0.30350
  -2.62500    0.00057    0.00791    0.04685    0.15325    0.29062    0.29674
  -2.60000    0.00065    0.00884    0.05122    0.16312    0.29858    0.28855
  -2.57500    0.00074    0.00987    0.05592    0.17325    0.30580    0.27897
  -2.55000    0.00085    0.01100    0.06093    0.18360    0.31219    0.26806
  -2.52500    0.00096    0.01225    0.06628    0.19413    0.31766    0.25589
  -2.50000    0.00109    0.01361    0.07197    0.20480    0.32214    0.24256
  -2.47500    0.00123    0.01511    0.07802    0.21556    0.32552    0.22819
  -2.45000    0.00140    0.01675    0.08442    0.22636    0.32776    0.21291
  -2.42500    0.00158    0.01853    0.09119    0.23713    0.32877    0.19688
  -2.40000    0.00178    0.02048    0.09832    0.24780    0.32849    0.18028
  -2.37500    0.00200    0.02260    0.10582    0.25833    0.32690    0.16327
  -2.35000    0.00225    0.02490    0.11368    0.26862    0.32393    0.14608
  -2.32500    0.00253    0.02739    0.12189    0.27861    0.31958    0.12890
  -2.30000    0.00284    0.03009    0.13046    0.28822    0.31384    0.11195
  -2.27500    0.00319    0.03301    0.13937    0.29736    0.30670    0.09546
  -2.25000    0.00357    0.03616    0.14861    0.30596    0.29821    0.07965
  -2.22500    0.00399    0.03954    0.15815    0.31393    0.28838    0.06473
  -2.20000    0.00446    0.04318    0.16798    0.32118    0.27729    0.05092
  -2.17500    0.00498    0.04709    0.17807    0.32765    0.26501    0.03843
  -2.15000    0.00555    0.05126    0.18839    0.33324    0.25162    0.02744
  -2.12500    0.00617    0.05573    0.19892    0.33788    0.23724    0.01811
  -2.10000    0.00686    0.06049    0.20960    0.34150    0.22200    0.01061
  -2.07500    0.00761    0.06555    0.22041    0.34402    0.20603    0.00504
  -2.05000    0.00844    0.07093    0.23129    0.34540    0.18950    0.00149
  -2.02500    0.00934    0.07664    0.24220    0.34557    0.17258    0.00004
  -2.00000    0.01033    0.08267    0.25308    0.34448    0.15544    0.00069
  -1.97500    0.01141    0.08904    0.26388    0.34211    0.13828    0.00345
  -1.95000    0.01259    0.09575    0.27453    0.33843    0.12129    0.00826
  -1.92500    0.01387    0.10280    0.28498    0.33343    0.10469    0.01503
  -1.90000    0.01526    0.11020    0.29515    0.32710    0.08867    0.02365
  -1.87500    0.01677    0.11794    0.30498    0.31946    0.07344    0.03394
  -1.85000    0.01841    0.12602    0.31439    0.31054    0.05918    0.04572
  -1.82500    0.02018    0.13444    0.32332    0.30037    0.04610    0.05876
  -1.80000    0.02209    0.14319    0.33169    0.28903    0.03437    0.07281
  -1.77500    0.02416    0.15226    0.33943    0.27657    0.02415    0.08758
  -1.75000    0.02639    0.16163    0.34646    0.26309    0.01559    0.10279
  -1.72500    0.02878    0.17130    0.35272    0.24868    0.00880    0.11811
  -1.70000    0.03135    0.18125    0.35814    0.23347    0.00390    0.13325
  -1.67500    0.03411    0.19145    0.36264    0.21758    0.00095    0.14786
  -1.65000    0.03707    0.20188    0.36618    0.20115    0.00000    0.16165
  -1.62500    0.04023    0.21251    0.36868    0.18433    0.00106    0.17432
  -1.60000    0.04361    0.22332    0.37010    0.16729    0.00412    0.18558
  -1.57500    0.04721    0.23427    0.37040    0.15020    0.00913    0.19517
  -1.55000    0.05105    0.24533    0.36953    0.13323    0.01600    0.20289
  -1.52500    0.05513    0.25646    0.36746    0.11655    0.02463    0.20854
  -1.50000    0.05946    0.26761    0.36418    0.10036    0.03486    0.21199
  -1.47500    0.06405    0.27875    0.35967    0.08483    0.04652    0.21313
  -1.45000    0.06891    0.28981    0.35392    0.07014    0.05942    0.21193
  -1.42500    0.07405    0.30077    0.34695    0.05646    0.07332    0.20839
  -1.40000    0.07947    0.31155    0.33878    0.04395    0.08798    0.20256
  -1.37500    0.08517    0.32211    0.32943    0.03277    0.10313    0.19458
  -1.35000    0.09118    0.33240    0.31895    0.02305    0.11850    0.18459
  -1.32500    0.09748    0.34234    0.30740    0.01492    0.13381    0.17281
  -1.30000    0.10410    0.35190    0.29484    0.00847    0.14877    0.15949
  -1.27500    0.11102    0.36100    0.28134    0.00380    0.16309    0.14494
  -1.25000    0.11825    0.36959    0.26701    0.00096    0.17651    0.12947
  -1.22500    0.12580    0.37761    0.25194    0.00000    0.18875    0.11344
  -1.20000    0.13366    0.38501    0.23623    0.00092    0.19959    0.09722
  -1.17500    0.14184    0.39171    0.22002    0.00372    0.20879    0.08118
  -1.15000    0.15033    0.39768    0.20342    0.00835    0.21617    0.06571
  -1.12500    0.15913    0.40285    0.18658    0.01475    0.22158    0.05117
  -1.10000    0.16823    0.40717    0.16963    0.02283    0.22489    0.03791
  -1.07500    0.17763    0.41060    0.15273    0.03246    0.22602    0.02625
  -1.05000    0.18732    0.41310    0.13602    0.04352    0.22494    0.01646
  -1.02500    0.19730    0.41462    0.11966    0.05582    0.22166    0.00880
  -1.00000    0.20754    0.41514    0.10379    0.06919    0.21622    0.00345
  -0.97500    0.21805    0.41461    0.08857    0.08343    0.20872    0.00054
  -0.95000    0.22880    0.41303    0.07415    0.09831    0.19929    0.00015
  -0.92500    0.23978    0.41037    0.06066    0.11360    0.18812    0.00228
  -0.90000    0.25097    0.40662    0.04825    0.12907    0.17541    0.00688
  -0.87500    0.26236    0.40178    0.03703    0.14447    0.16143    0.01384
  -0.85000    0.27392    0.39586    0.02713    0.15955    0.14644    0.02297
  -0.82500    0.28564    0.38886    0.01865    0.17406    0.13074    0.03405
  -0.80000    0.29748    0.38081    0.01167    0.18778    0.11466    0.04678
  -0.77500    0.30943    0.37173    0.00627    0.20048    0.09852    0.06083
  -0.75000    0.32145    0.36167    0.00251    0.21194    0.08265    0.07585
  -0.72500    0.33353    0.35065    0.00044    0.22197    0.06739    0.09142
  -0.70000    0.34562    0.33874    0.00007    0.23040    0.05305    0.10716
  -0.67500    0.35771    0.32599    0.00141    0.23708    0.03993    0.12263
  -0.65000    0.36976    0.31247    0.00444    0.24189    0.02831    0.13743
  -0.62500    0.38174    0.29826    0.00913    0.24475    0.01844    0.15116
  -0.60000    0.39361    0.28342    0.01543    0.24560    0.01053    0.16346
  -0.57500    0.40534    0.26805    0.02325    0.24441    0.00474    0.17398
  -0.55000    0.41691    0.25225    0.03252    0.24119    0.00121    0.18246
  -0.52500    0.42826    0.23610    0.04312    0.23600    0.00000    0.18864
  -0.50000    0.43938    0.21970    0.05492    0.22891    0.00115    0.19237
  -0.47500    0.45022    0.20318    0.06779    0.22002    0.00463    0.19354
  -0.45000    0.46075    0.18662    0.08156    0.20950    0.01036    0.19211
  -0.42500    0.47094    0.17014    0.09608    0.19749    0.01822    0.18811
  -0.40000    0.48076    0.15385    0.11116    0.18422    0.02803    0.18164
  -0.37500    0.49017    0.13787    0.12662    0.16989    0.03958    0.17288
  -0.35000    0.49913    0.12229    0.14227    0.15475    0.05261    0.16206
  -0.32500    0.50763    0.10724    0.15792    0.13905    0.06683    0.14946
  -0.30000    0.51562    0.09282    0.17337    0.12306    0.08193    0.13543
  -0.27500    0.52309    0.07912    0.18843    0.10705    0.09757    0.12035
  -0.25000    0.53000    0.06625    0.20292    0.09131    0.11340    0.10462
  -0.22500    0.53633    0.05431    0.21664    0.07608    0.12906    0.08867
  -0.20000    0.54206    0.04337    0.22943    0.06166    0.14420    0.07293
  -0.17500    0.54717    0.03351    0.24113    0.04827    0.15849    0.05784
  -0.15000    0.55163    0.02482    0.25159    0.03615    0.17160    0.04380
  -0.12500    0.55544    0.01736    0.26068    0.02552    0.18323    0.03120
  -0.10000    0.55857    0.01117    0.26828    0.01655    0.19313    0.02039
  -0.07500    0.56102    0.00631    0.27429    0.00941    0.20108    0.01165
  -0.05000    0.56278    0.00281    0.27864    0.00421    0.20688    0.00524
  -0.02500    0.56383    0.00070    0.28127    0.00106    0.21041    0.00132
   0.00000    0.56419    0.00000    0.28216    0.00000    0.21159    0.00000
   0.02500    0.56384    0.00070    0.28128    0.00105    0.21040    0.00132
   0.05000    0.56278    0.00281    0.27865    0.00420    0.20686    0.00525
   0.07500    0.56102    0.00631    0.27430    0.00939    0.20105    0.01166
   0.10000    0.55858    0.01117    0.26830    0.01653    0.19310    0.02040
   0.12500    0.55544    0.01736    0.26070    0.02549    0.18319    0.03122
   0.15000    0.55164    0.02482    0.25162    0.03612    0.17155    0.04382
   0.17500    0.54718    0.03352    0.24117    0.04823    0.15844    0.05786
   0.20000    0.54207    0.04337    0.22947    0.06161    0.14415    0.07295
   0.22500    0.53634    0.05431    0.21668    0.07604    0.12900    0.08869
   0.25000    0.53001    0.06625    0.20296    0.09126    0.11334    0.10464
   0.27500    0.52310    0.07912    0.18848    0.10701    0.09751    0.12037
   0.30000    0.51564    0.09281    0.17342    0.12301    0.08188    0.13545
   0.32500    0.50764    0.10724    0.15797    0.13900    0.06678    0.14948
   0.35000    0.49915    0.12229    0.14232    0.15470    0.05256    0.16208
   0.37500    0.49019    0.13786    0.12667    0.16984    0.03953    0.17290
   0.40000    0.48078    0.15385    0.11120    0.18417    0.02799    0.18166
   0.42500    0.47097    0.17013    0.09612    0.19745    0.01818    0.18812
   0.45000    0.46078    0.18661    0.08160    0.20945    0.01033    0.19212
   0.47500    0.45025    0.20317    0.06782    0.21998    0.00461    0.19355
   0.50000    0.43940    0.21969    0.05496    0.22887    0.00114    0.19238
   0.52500    0.42829    0.23608    0.04315    0.23597    0.00000    0.18864
   0.55000    0.41693    0.25223    0.03255    0.24116    0.00121    0.18245
   0.57500    0.40537    0.26804    0.02328    0.24438    0.00476    0.17398
   0.60000    0.39363    0.28340    0.01544    0.24558    0.01055    0.16344
   0.62500    0.38176    0.29824    0.00914    0.24473    0.01847    0.15115
   0.65000    0.36979    0.31245    0.00445    0.24188    0.02835    0.13741
   0.67500    0.35774    0.32597    0.00141    0.23707    0.03997    0.12261
   0.70000    0.34565    0.33872    0.00007    0.23040    0.05310    0.10714
   0.72500    0.33355    0.35062    0.00044    0.22197    0.06744    0.09140
   0.75000    0.32148    0.36164    0.00251    0.21195    0.08271    0.07583
   0.77500    0.30945    0.37170    0.00626    0.20049    0.09857    0.06081
   0.80000    0.29751    0.38078    0.01165    0.18780    0.11471    0.04676
   0.82500    0.28566    0.38882    0.01863    0.17408    0.13079    0.03403
   0.85000    0.27395    0.39582    0.02711    0.15957    0.14649    0.02296
   0.87500    0.26239    0.40174    0.03702    0.14449    0.16147    0.01383
   0.90000    0.25100    0.40657    0.04823    0.12909    0.17546    0.00688
   0.92500    0.23980    0.41032    0.06065    0.11363    0.18815    0.00228
   0.95000    0.22882    0.41298    0.07413    0.09833    0.19932    0.00015
   0.97500    0.21807    0.41456    0.08856    0.08345    0.20874    0.00055
   1.00000    0.20757    0.41508    0.10378    0.06922    0.21623    0.00346
   1.02500    0.19732    0.41457    0.11965    0.05584    0.22167    0.00881
   1.05000    0.18734    0.41304    0.13601    0.04354    0.22495    0.01648
   1.07500    0.17765    0.41054    0.15273    0.03248    0.22602    0.02627
   1.10000    0.16825    0.40711    0.16963    0.02285    0.22488    0.03793
   1.12500    0.15915    0.40279    0.18658    0.01477    0.22156    0.05120
   1.15000    0.15035    0.39762    0.20343    0.00836    0.21615    0.06574
   1.17500    0.14186    0.39165    0.22003    0.00373    0.20876    0.08122
   1.20000    0.13368    0.38495    0.23625    0.00093    0.19955    0.09725
   1.22500    0.12582    0.37755    0.25197    0.00000    0.18872    0.11348
   1.25000    0.11827    0.36953    0.26705    0.00096    0.17647    0.12951
   1.27500    0.11103    0.36094    0.28139    0.00379    0.16305    0.14498
   1.30000    0.10411    0.35184    0.29489    0.00846    0.14872    0.15953
   1.32500    0.09750    0.34229    0.30746    0.01490    0.13376    0.17285
   1.35000    0.09119    0.33234    0.31902    0.02303    0.11846    0.18463
   1.37500    0.08519    0.32205    0.32950    0.03274    0.10308    0.19462
   1.40000    0.07948    0.31149    0.33886    0.04392    0.08793    0.20261
   1.42500    0.07406    0.30071    0.34704    0.05642    0.07328    0.20843
   1.45000    0.06892    0.28976    0.35402    0.07010    0.05938    0.21197
   1.47500    0.06406    0.27870    0.35977    0.08478    0.04649    0.21317
   1.50000    0.05947    0.26756    0.36429    0.10031    0.03483    0.21202
   1.52500    0.05514    0.25641    0.36758    0.11649    0.02460    0.20858
   1.55000    0.05106    0.24529    0.36965    0.13316    0.01598    0.20292
   1.57500    0.04722    0.23423    0.37053    0.15013    0.00912    0.19520
   1.60000    0.04362    0.22328    0.37023    0.16722    0.00411    0.18560
   1.62500    0.04024    0.21248    0.36881    0.18425    0.00106    0.17433
   1.65000    0.03708    0.20184    0.36631    0.20107    0.00000    0.16167
   1.67500    0.03412    0.19142    0.36278    0.21749    0.00096    0.14787
   1.70000    0.03136    0.18122    0.35828    0.23338    0.00391    0.13325
   1.72500    0.02878    0.17128    0.35286    0.24859    0.00882    0.11812
   1.75000    0.02639    0.16161    0.34660    0.26299    0.01560    0.10279
   1.77500    0.02416    0.15224    0.33957    0.27647    0.02417    0.08758
   1.80000    0.02210    0.14317    0.33183    0.28893    0.03439    0.07280
   1.82500    0.02018    0.13442    0.32346    0.30027    0.04613    0.05875
   1.85000    0.01841    0.12601    0.31453    0.31043    0.05921    0.04571
   1.87500    0.01677    0.11793    0.30511    0.31935    0.07346    0.03393
   1.90000    0.01526    0.11019    0.29528    0.32699    0.08870    0.02363
   1.92500    0.01387    0.10279    0.28511    0.33332    0.10472    0.01502
   1.95000    0.01259    0.09574    0.27466    0.33833    0.12132    0.00825
   1.97500    0.01141    0.08903    0.26400    0.34201    0.13830    0.00344
   2.00000    0.01033    0.08266    0.25320    0.34438    0.15546    0.00069
   2.02500    0.00935    0.07663    0.24231    0.34546    0.17259    0.00004
   2.05000    0.00844    0.07093    0.23140    0.34529    0.18952    0.00150
   2.07500    0.00761    0.06555    0.22051    0.34392    0.20604    0.00505
   2.10000    0.00686    0.06049    0.20970    0.34139    0.22200    0.01063
   2.12500    0.00617    0.05573    0.19901    0.33778    0.23724    0.01814
   2.15000    0.00555    0.05126    0.18849    0.33314    0.25161    0.02747
   2.17500    0.00498    0.04709    0.17816    0.32755    0.26499    0.03847
   2.20000    0.00446    0.04318    0.16806    0.32108    0.27727    0.05098
   2.22500    0.00399    0.03955    0.15823    0.31383    0.28836    0.06479
   2.25000    0.00357    0.03616    0.14868    0.30586    0.29818    0.07972
   2.27500    0.00319    0.03301    0.13944    0.29726    0.30667    0.09554
   2.30000    0.00284    0.03010    0.13053    0.28812    0.31380    0.11205
   2.32500    0.00253    0.02740    0.12196    0.27852    0.31953    0.12900
   2.35000    0.00225    0.02490    0.11374    0.26853    0.32388    0.14619
   2.37500    0.00200    0.02260    0.10587    0.25824    0.32684    0.16340
   2.40000    0.00178    0.02048    0.09837    0.24772    0.32843    0.18041
   2.42500    0.00158    0.01853    0.09124    0.23704    0.32870    0.19702
   2.45000    0.00140    0.01675    0.08447    0.22628    0.32769    0.21306
   2.47500    0.00123    0.01511    0.07806    0.21548    0.32545    0.22834
   2.50000    0.00109    0.01361    0.07201    0.20473    0.32206    0.24272
   2.52500    0.00096    0.01225    0.06632    0.19406    0.31758    0.25605
   2.55000    0.00085    0.01100    0.06096    0.18353    0.31211    0.26823
   2.57500    0.00074    0.00987    0.05595    0.17318    0.30571    0.27914
   2.60000    0.00065    0.00884    0.05125    0.16305    0.29849    0.28872
   2.62500    0.00057    0.00791    0.04687    0.15318    0.29053    0.29691
   2.65000    0.00050    0.00707    0.04279    0.14360    0.28192    0.30367
   2.67500    0.00044    0.00630    0.03900    0.13434    0.27275    0.30898
   2.70000    0.00039    0.00561    0.03549    0.12540    0.26312    0.31285
   2.72500    0.00034    0.00499    0.03224    0.11682    0.25311    0.31527
   2.75000    0.00029    0.00443    0.02924    0.10860    0.24281    0.31630
   2.77500    0.00026    0.00393    0.02647    0.10076    0.23229    0.31596
   2.80000    0.00022    0.00348    0.02393    0.09329    0.22164    0.31433
   2.82500    0.00019    0.00308    0.02159    0.08621    0.21092    0.31146
   2.85000    0.00017    0.00272    0.01945    0.07950    0.20021    0.30744
   2.87500    0.00015    0.00240    0.01750    0.07318    0.18956    0.30234
   2.90000    0.00013    0.00211    0.01571    0.06723    0.17904    0.29627
   2.92500    0.00011    0.00186    0.01409    0.06164    0.16868    0.28930
   2.95000    0.00009    0.00163    0.01261    0.05641    0.15855    0.28155
   2.97500    0.00008    0.00143    0.01127    0.05153    0.14867    0.27310
   3.00000    0.00007    0.00125    0.01006    0.04698    0.13908    0.26406
   3.02500    0.00006    0.00110    0.00896    0.04275    0.12982    0.25453
   3.05000    0.00005    0.00096    0.00797    0.03884    0.12089    0.24459
   3.07500    0.00004    0.00084    0.00708    0.03521    0.11233    0.23434
   3.10000    0.00004    0.00073    0.00628    0.03187    0.10414    0.22387
   3.12500    0.00003    0.00063    0.00556    0.02879    0.09634    0.21326
   3.15000    0.00003    0.00055    0.00491    0.02596    0.08893    0.20259
   3.17500    0.00002    0.00048    0.00434    0.02337    0.08192    0.19192
   3.20000    0.00002    0.00041    0.00382    0.02100    0.07530    0.18133
   3.22500    0.00002    0.00036    0.00336    0.01884    0.06907    0.17087
   3.25000    0.00001    0.00031    0.00295    0.01687    0.06322    0.16059
   3.27500    0.00001    0.00027    0.00259    0.01508    0.05776    0.15055
   3.30000    0.00001    0.00023    0.00227    0.01346    0.05265    0.14079
   3.32500    0.00001    0.00020    0.00199    0.01199    0.04791    0.13133
   3.35000    0.00001    0.00017    0.00173    0.01066    0.04350    0.12221
   3.37500    0.00001    0.00015    0.00151    0.00947    0.03942    0.11345
   3.40000    0.00001    0.00012    0.00132    0.00839    0.03565    0.10507
   3.42500    0.00000    0.00011    0.00114    0.00742    0.03219    0.09708
   3.45000    0.00000    0.00009    0.00099    0.00656    0.02900    0.08950
   3.47500    0.00000    0.00008    0.00086    0.00578    0.02608    0.08232
   3.50000    0.00000    0.00007    0.00075    0.00509    0.02340    0.07554
   3.52500    0.00000    0.00006    0.00064    0.00448    0.02097    0.06917
   3.55000    0.00000    0.00005    0.00056    0.00393    0.01875    0.06320
   3.57500    0.00000    0.00004    0.00048    0.00344    0.01673    0.05761
   3.60000    0.00000    0.00003    0.00041    0.00301    0.01491    0.05241
   3.62500    0.00000    0.00003    0.00035    0.00263    0.01326    0.04758
   3.65000    0.00000    0.00002    0.00030    0.00229    0.01177    0.04310
   3.67500    0.00000    0.00002    0.00026    0.00199    0.01043    0.03896
   3.70000    0.00000    0.00002    0.00022    0.00173    0.00922    0.03515
   3.72500    0.00000    0.00001    0.00019    0.00150    0.00814    0.03164
   3.75000    0.00000    0.00001    0.00016    0.00130    0.00718    0.02843
   3.77500    0.00000    0.00001    0.00014    0.00113    0.00631    0.02549
   3.80000    0.00000    0.00001    0.00012    0.00097    0.00554    0.02281
   3.82500    0.00000    0.00001    0.00010    0.00084    0.00486    0.02037
   3.85000    0.00000    0.00001    0.00008    0.00072    0.00425    0.01815
   3.87500    0.00000    0.00001    0.00007    0.00062    0.00372    0.01615
   3.90000    0.00000    0.00000    0.00006    0.00053    0.00324    0.01434
   3.92500    0.00000    0.00000    0.00005    0.00046    0.00282    0.01271
   3.95000    0.00000    0.00000    0.00004    0.00039    0.00245    0.01124
   3.97500    0.00000    0.00000    0.00004    0.00033    0.00213    0.00992
   4.00000    0.00000    0.00000    0.00003    0.00028    0.00184    0.00874
   4.02500    0.00000    0.00000    0.00003    0.00024    0.00159    0.00769
   4.05000    0.00000    0.00000    0.00002    0.00021    0.00138    0.00675
   4.07500    0.00000    0.00000    0.00002    0.00017    0.00119    0.00591
   4.10000    0.00000    0.00000    0.00002    0.00015    0.00102    0.00517
   4.12500    0.00000    0.00000    0.00001    0.00013    0.00088    0.00452
   4.15000    0.00000    0.00000    0.00001    0.00011    0.00075    0.00394
   4.17500    0.00000    0.00000    0.00001    0.00009    0.00064    0.00342
   4.20000    0.00000    0.00000    0.00001    0.00008    0.00055    0.00297
   4.22500    0.00000    0.00000    0.00001    0.00006    0.00047    0.00258
   4.25000    0.00000    0.00000    0.00000    0.00005    0.00040    0.00223
   4.27500    0.00000    0.00000    0.00000    0.00004    0.00034    0.00193
   4.30000    0.00000    0.00000    0.00000    0.00004    0.00029    0.00166
   4.32500    0.00000    0.00000    0.00000    0.00003    0.00025    0.00143
   4.35000    0.00000    0.00000    0.00000    0.00003    0.00021    0.00123
   4.37500    0.00000    0.00000    0.00000    0.00002    0.00018    0.00105
   4.40000    0.00000    0.00000    0.00000    0.00002    0.00015    0.00090
   4.42500    0.00000    0.00000    0.00000    0.00002    0.00012    0.00077
   4.45000    0.00000    0.00000    0.00000    0.00001    0.00011    0.00066
   4.47500    0.00000    0.00000    0.00000    0.00001    0.00009    0.00056
   4.50000    0.00000    0.00000    0.00000    0.00001    0.00007    0.00048
   4.52500    0.00000    0.00000    0.00000    0.00001    0.00006    0.00040
   4.55000    0.00000    0.00000    0.00000    0.00001    0.00005    0.00034
   4.57500    0.00000    0.00000    0.00000    0.00000    0.00004    0.00029
   4.60000    0.00000    0.00000    0.00000    0.00000    0.00004    0.00025
   4.62500    0.00000    0.00000    0.00000    0.00000    0.00003    0.00021
   4.65000    0.00000    0.00000    0.00000    0.00000    0.00002    0.00017
   4.67500    0.00000    0.00000    0.00000    0.00000    0.00002    0.00015
   4.70000    0.00000    0.00000    0.00000    0.00000    0.00002    0.00012
   4.72500    0.00000    0.00000    0.00000    0.00000    0.00001    0.00010
   4.75000    0.00000    0.00000    0.00000    0.00000    0.00001    0.00009
   4.77500    0.00000    0.00000    0.00000    0.00000    0.00001    0.00007
   4.80000    0.00000    0.00000    0.00000    0.00000    0.00001    0.00006
   4.82500    0.00000    0.00000    0.00000    0.00000    0.00001    0.00005
   4.85000    0.00000    0.00000    0.00000    0.00000    0.00001    0.00004
   4.87500    0.00000    0.00000    0.00000    0.00000    0.00000    0.00003
   4.90000    0.00000    0.00000    0.00000    0.00000    0.00000    0.00003
   4.92500    0.00000    0.00000    0.00000    0.00000    0.00000    0.00002
   4.95000    0.00000    0.00000    0.00000    0.00000    0.00000    0.00002
   4.97500    0.00000    0.00000    0.00000    0.00000    0.00000    0.00002
   5.00000    0.00000    0.00000    0.00000    0.00000    0.00000    0.00001
   5.02500    0.00000    0.00000    0.00000    0.00000    0.00000    0.00001
   5.05000    0.00000    0.00000    0.00000    0.00000    0.00000    0.00001
   5.07500    0.00000    0.00000    0.00000    0.00000    0.00000    0.00001
   5.10000    0.00000    0.00000    0.00000    0.00000    0.00000    0.00001
   5.12500    0.00000    0.00000    0.00000    0.00000    0.00000    0.00000
   5.15000    0.00000    0.00000    0.00000    0.00000    0.00000    0.00000
   5.17500    0.00000    0.00000    0.00000    0.00000    0.00000    0.00000
   5.20000    0.00000    0.00000    0.00000    0.00000    0.00000    0.00000
   5.22500    0.00000    0.00000    0.00000    0.00000    0.00000    0.00000
   5.25000    0.00000    0.00000    0.00000    0.00000    0.00000    0.00000
   5.27500    0.00000    0.00000    0.00000    0.00000    0.00000    0.00000
   5.30000    0.00000    0.00000    0.00000    0.00000    0.00000    0.00000
   5.32500    0.00000    0.00000    0.00000    0.00000    0.00000    0.00000
   5.35000    0.00000    0.00000    0.00000    0.00000    0.00000    0.00000
   5.37500    0.00000    0.00000    0.00000    0.00000    0.00000    0.00000
   5.40000    0.00000    0.00000    0.00000    0.00000    0.00000    0.00000
   5.42500    0.00000    0.00000    0.00000    0.00000    0.00000    0.00000
   5.45000    0.00000    0.00000    0.00000    0.00000    0.00000    0.00000
   5.47500    0.00000    0.00000    0.00000    0.00000    0.00000    0.00000
   5.50000    0.00000    0.00000    0.00000    0.00000    0.00000    0.00000
   5.52500    0.00000    0.00000    0.00000    0.00000    0.00000    0.00000
   5.55000    0.00000    0.00000    0.00000    0.00000    0.00000    0.00000
   5.57500    0.00000    0.00000    0.00000    0.00000    0.00000    0.00000
   5.60000    0.00000    0.00000    0.00000    0.00000    0.00000    0.00000
   5.62500    0.00000    0.00000    0.00000    0.00000    0.00000    0.00000
   5.65000    0.00000    0.00000    0.00000    0.00000    0.00000    0.00000
   5.67500    0.00000    0.00000    0.00000    0.00000    0.00000    0.00000
   5.70000    0.00000    0.00000    0.00000    0.00000    0.00000    0.00000
   5.72500    0.00000    0.00000    0.00000    0.00000    0.00000    0.00000
   5.75000    0.00000    0.00000    0.00000    0.00000    0.00000    0.00000
   5.77500    0.00000    0.00000    0.00000    0.00000    0.00000    0.00000
   5.80000    0.00000    0.00000    0.00000    0.00000    0.00000    0.00000
   5.82500    0.00000    0.00000    0.00000    0.00000    0.00000    0.00000
   5.85000    0.00000    0.00000    0.00000    0.00000    0.00000    0.00000
   5.87500    0.00000    0.00000    0.00000    0.00000    0.00000    0.00000
   5.90000    0.00000    0.00000    0.00000    0.00000    0.00000    0.00000
   5.92500    0.00000    0.00000    0.00000    0.00000    0.00000    0.00000
   5.95000    0.00000    0.00000    0.00000    0.00000    0.00000    0.00000
   5.97500    0.00000    0.00000    0.00000    0.00000    0.00000    0.00000
   6.00000    0.00000    0.00000    0.00000    0.00000    0.00000    0.00000
   6.02500    0.00000    0.00000    0.00000    0.00000    0.00000    0.00000
   6.05000    0.00000    0.00000    0.00000    0.00000    0.00000    0.00000
   6.07500    0.00000    0.00000    0.00000    0.00000    0.00000    0.00000
   6.10000    0.00000    0.00000    0.00000    0.00000    0.00000    0.00000
   6.12500    0.00000    0.00000    0.00000    0.00000    0.00000    0.00000
   6.15000    0.00000    0.00000    0.00000    0.00000    0.00000    0.00000
   6.17500    0.00000    0.00000    0.00000    0.00000    0.00000    0.00000
   6.20000    0.00000    0.00000    0.00000    0.00000    0.00000    0.00000
   6.22500    0.00000    0.00000    0.00000    0.00000    0.00000    0.00000
   6.25000    0.00000    0.00000    0.00000    0.00000    0.00000    0.00000
   6.27500    0.00000    0.00000    0.00000    0.00000    0.00000    0.00000
   6.30000    0.00000    0.00000    0.00000    0.00000    0.00000    0.00000
   6.32500    0.00000    0.00000    0.00000    0.00000    0.00000    0.00000
   6.35000    0.00000    0.00000    0.00000    0.00000    0.00000    0.00000
   6.37500    0.00000    0.00000    0.00000    0.00000    0.00000    0.00000
   6.40000    0.00000    0.00000    0.00000    0.00000    0.00000    0.00000
   6.42500    0.00000    0.00000    0.00000    0.00000    0.00000    0.00000
   6.45000    0.00000    0.00000    0.00000    0.00000    0.00000    0.00000
   6.47500    0.00000    0.00000    0.00000    0.00000    0.00000    0.00000
   6.50000    0.00000    0.00000    0.00000    0.00000    0.00000    0.00000
   6.52500    0.00000    0.00000    0.00000    0.00000    0.00000    0.00000
   6.55000    0.00000    0.00000    0.00000    0.00000    0.00000    0.00000
   6.57500    0.00000    0.00000    0.00000    0.00000    0.00000    0.00000
   6.60000    0.00000    0.00000    0.00000    0.00000    0.00000    0.00000
   6.62500    0.00000    0.00000    0.00000    0.00000    0.00000    0.00000
   6.65000    0.00000    0.00000    0.00000    0.00000    0.00000    0.00000
   6.67500    0.00000    0.00000    0.00000    0.00000    0.00000    0.00000
   6.70000    0.00000    0.00000    0.00000    0.00000    0.00000    0.00000
   6.72500    0.00000    0.00000    0.00000    0.00000    0.00000    0.00000
   6.75000    0.00000    0.00000    0.00000    0.00000    0.00000    0.00000
   6.77500    0.00000    0.00000    0.00000    0.00000    0.00000    0.00000
   6.80000    0.00000    0.00000    0.00000    0.00000    0.00000    0.00000
   6.82500    0.00000    0.00000    0.00000    0.00000    0.00000    0.00000
   6.85000    0.00000    0.00000    0.00000    0.00000    0.00000    0.00000
   6.87500    0.00000    0.00000    0.00000    0.00000    0.00000    0.00000
   6.90000    0.00000    0.00000    0.00000    0.00000    0.00000    0.00000
   6.92500    0.00000    0.00000    0.00000    0.00000    0.00000    0.00000
   6.95000    0.00000    0.00000    0.00000    0.00000    0.00000    0.00000
   6.97500    0.00000    0.00000    0.00000    0.00000    0.00000    0.00000
   7.00000    0.00000    0.00000    0.00000    0.00000    0.00000    0.00000
   7.02500    0.00000    0.00000    0.00000    0.00000    0.00000    0.00000
   7.05000    0.00000    0.00000    0.00000    0.00000    0.00000    0.00000
   7.07500    0.00000    0.00000    0.00000    0.00000    0.00000    0.00000
   7.10000    0.00000    0.00000    0.00000    0.00000    0.00000    0.00000
   7.12500    0.00000    0.00000    0.00000    0.00000    0.00000    0.00000
   7.15000    0.00000    0.00000    0.00000    0.00000    0.00000    0.00000
   7.17500    0.00000    0.00000    0.00000    0.00000    0.00000    0.00000
   7.20000    0.00000    0.00000    0.00000    0.00000    0.00000    0.00000
   7.22500    0.00000    0.00000    0.00000    0.00000    0.00000    0.00000
   7.25000    0.00000    0.00000    0.00000    0.00000    0.00000    0.00000
   7.27500    0.00000    0.00000    0.00000    0.00000    0.00000    0.00000
   7.30000    0.00000    0.00000    0.00000    0.00000    0.00000    0.00000
   7.32500    0.00000    0.00000    0.00000    0.00000    0.00000    0.00000
   7.35000    0.00000    0.00000    0.00000    0.00000    0.00000    0.00000
   7.37500    0.00000    0.00000    0.00000    0.00000    0.00000    0.00000
   7.40000    0.00000    0.00000    0.00000    0.00000    0.00000    0.00000
   7.42500    0.00000    0.00000    0.00000    0.00000    0.00000    0.00000
   7.45000    0.00000    0.00000    0.00000    0.00000    0.00000    0.00000
   7.47500    0.00000    0.00000    0.00000    0.00000    0.00000    0.00000
   7.50000    0.00000    0.00000    0.00000    0.00000    0.00000    0.00000
   7.52500    0.00000    0.00000    0.00000    0.00000    0.00000    0.00000
   7.55000    0.00000    0.00000    0.00000    0.00000    0.00000    0.00000
   7.57500    0.00000    0.00000    0.00000    0.00000    0.00000    0.00000
   7.60000    0.00000    0.00000    0.00000    0.00000    0.00000    0.00000
   7.62500    0.00000    0.00000    0.00000    0.00000    0.00000    0.00000
   7.65000    0.00000    0.00000    0.00000    0.00000    0.00000    0.00000
   7.67500    0.00000    0.00000    0.00000    0.00000    0.00000    0.00000
   7.70000    0.00000    0.00000    0.00000    0.00000    0.00000    0.00000
   7.72500    0.00000    0.00000    0.00000    0.00000    0.00000    0.00000
   7.75000    0.00000    0.00000    0.00000    0.00000    0.00000    0.00000
   7.77500    0.00000    0.00000    0.00000    0.00000    0.00000    0.00000
   7.80000    0.00000    0.00000    0.00000    0.00000    0.00000    0.00000
   7.82500    0.00000    0.00000    0.00000    0.00000    0.00000    0.00000
   7.85000    0.00000    0.00000    0.00000    0.00000    0.00000    0.00000
   7.87500    0.00000    0.00000    0.00000    0.00000    0.00000    0.00000
   7.90000    0.00000    0.00000    0.00000    0.00000    0.00000    0.00000
   7.92500    0.00000    0.00000    0.00000    0.00000    0.00000    0.00000
   7.95000    0.00000    0.00000    0.00000    0.00000    0.00000    0.00000
   7.97500    0.00000    0.00000    0.00000    0.00000    0.00000    0.00000
   8.00000    0.00000    0.00000    0.00000    0.00000    0.00000    0.00000
   8.02500    0.00000    0.00000    0.00000    0.00000    0.00000    0.00000
   8.05000    0.00000    0.00000    0.00000    0.00000    0.00000    0.00000
   8.07500    0.00000    0.00000    0.00000    0.00000    0.00000    0.00000
   8.10000    0.00000    0.00000    0.00000    0.00000    0.00000    0.00000
   8.12500    0.00000    0.00000    0.00000    0.00000    0.00000    0.00000
   8.15000    0.00000    0.00000    0.00000    0.00000    0.00000    0.00000
   8.17500    0.00000    0.00000    0.00000    0.00000    0.00000    0.00000
   8.20000    0.00000    0.00000    0.00000    0.00000    0.00000    0.00000
   8.22500    0.00000    0.00000    0.00000    0.00000    0.00000    0.00000
   8.25000    0.00000    0.00000    0.00000    0.00000    0.00000    0.00000
   8.27500    0.00000    0.00000    0.00000    0.00000    0.00000    0.00000
   8.30000    0.00000    0.00000    0.00000    0.00000    0.00000    0.00000
   8.32500    0.00000    0.00000    0.00000    0.00000    0.00000    0.00000
   8.35000    0.00000    0.00000    0.00000    0.00000    0.00000    0.00000
   8.37500    0.00000    0.00000    0.00000    0.00000    0.00000    0.00000
   8.40000    0.00000    0.00000    0.00000    0.00000    0.00000    0.00000
   8.42500    0.00000    0.00000    0.00000    0.00000    0.00000    0.00000
   8.45000    0.00000    0.00000    0.00000    0.00000    0.00000    0.00000
   8.47500    0.00000    0.00000    0.00000    0.00000    0.00000    0.00000
   8.50000    0.00000    0.00000    0.00000    0.00000    0.00000    0.00000
   8.52500    0.00000    0.00000    0.00000    0.00000    0.00000    0.00000
   8.55000    0.00000    0.00000    0.00000    0.00000    0.00000    0.00000
   8.57500    0.00000    0.00000    0.00000    0.00000    0.00000    0.00000
   8.60000    0.00000    0.00000    0.00000    0.00000    0.00000    0.00000
   8.62500    0.00000    0.00000    0.00000    0.00000    0.00000    0.00000
   8.65000    0.00000    0.00000    0.00000    0.00000    0.00000    0.00000
   8.67500    0.00000    0.00000    0.00000    0.00000    0.00000    0.00000
   8.70000    0.00000    0.00000    0.00000    0.00000    0.00000    0.00000
   8.72500    0.00000    0.00000    0.00000    0.00000    0.00000    0.00000
   8.75000    0.00000    0.00000    0.00000    0.00000    0.00000    0.00000
   8.77500    0.00000    0.00000    0.00000    0.00000    0.00000    0.00000
   8.80000    0.00000    0.00000    0.00000    0.00000    0.00000    0.00000
   8.82500    0.00000    0.00000    0.00000    0.00000    0.00000    0.00000
   8.85000    0.00000    0.00000    0.00000    0.00000    0.00000    0.00000
   8.87500    0.00000    0.00000    0.00000    0.00000    0.00000    0.00000
   8.90000    0.00000    0.00000    0.00000    0.00000    0.00000    0.00000
   8.92500    0.00000    0.00000    0.00000    0.00000    0.00000    0.00000
   8.95000    0.00000    0.00000    0.00000    0.00000    0.00000    0.00000
   8.97500    0.00000    0.00000    0.00000    0.00000    0.00000    0.00000
   9.00000    0.00000    0.00000    0.00000    0.00000    0.00000    0.00000
   9.02500    0.00000    0.00000    0.00000    0.00000    0.00000    0.00000
   9.05000    0.00000    0.00000    0.00000    0.00000    0.00000    0.00000
   9.07500    0.00000    0.00000    0.00000    0.00000    0.00000    0.00000
   9.10000    0.00000    0.00000    0.00000    0.00000    0.00000    0.00000
   9.12500    0.00000    0.00000    0.00000    0.00000    0.00000    0.00000
   9.15000    0.00000    0.00000    0.00000    0.00000    0.00000    0.00000
   9.17500    0.00000    0.00000    0.00000    0.00000    0.00000    0.00000
   9.20000    0.00000    0.00000    0.00000    0.00000    0.00000    0.00000
   9.22500    0.00000    0.00000    0.00000    0.00000    0.00000    0.00000
   9.25000    0.00000    0.00000    0.00000    0.00000    0.00000    0.00000
   9.27500    0.00000    0.00000    0.00000    0.00000    0.00000    0.00000
   9.30000    0.00000    0.00000    0.00000    0.00000    0.00000    0.00000
   9.32500    0.00000    0.00000    0.00000    0.00000    0.00000    0.00000
   9.35000    0.00000    0.00000    0.00000    0.00000    0.00000    0.00000
   9.37500    0.00000    0.00000    0.00000    0.00000    0.00000    0.00000
   9.40000    0.00000    0.00000    0.00000    0.00000    0.00000    0.00000
   9.42500    0.00000    0.00000    0.00000    0.00000    0.00000    0.00000
   9.45000    0.00000    0.00000    0.00000    0.00000    0.00000    0.00000
   9.47500    0.00000    0.00000    0.00000    0.00000    0.00000    0.00000
   9.50000    0.00000    0.00000    0.00000    0.00000    0.00000    0.00000
   9.52500    0.00000    0.00000    0.00000    0.00000    0.00000    0.00000
   9.55000    0.00000    0.00000    0.00000    0.00000    0.00000    0.00000
   9.57500    0.00000    0.00000    0.00000    0.00000    0.00000    0.00000
   9.60000    0.00000    0.00000    0.00000    0.00000    0.00000    0.00000
   9.62500    0.00000    0.00000    0.00000    0.00000    0.00000    0.00000
   9.65000    0.00000    0.00000    0.00000    0.00000    0.00000    0.00000
   9.67500    0.00000    0.00000    0.00000    0.00000    0.00000    0.00000
   9.70000    0.00000    0.00000    0.00000    0.00000    0.00000    0.00000
   9.72500    0.00000    0.00000    0.00000    0.00000    0.00000    0.00000
   9.75000    0.00000    0.00000    0.00000    0.00000    0.00000    0.00000
   9.77500    0.00000    0.00000    0.00000    0.00000    0.00000    0.00000
   9.80000    0.00000    0.00000    0.00000    0.00000    0.00000    0.00000
   9.82500    0.00000    0.00000    0.00000    0.00000    0.00000    0.00000
   9.85000    0.00000    0.00000    0.00000    0.00000    0.00000    0.00000
   9.87500    0.00000    0.00000    0.00000    0.00000    0.00000    0.00000
   9.90000    0.00000    0.00000    0.00000    0.00000    0.00000    0.00000
   9.92500    0.00000    0.00000    0.00000    0.00000    0.00000    0.00000
   9.95000    0.00000    0.00000    0.00000    0.00000    0.00000    0.00000
   9.97500    0.00000    0.00000    0.00000    0.00000    0.00000    0.00000
  10.00000    0.00000    0.00000    0.00000    0.00000    0.00000    0.00000
