    0.0000    0.0000  100.0000  100.0000  100.0000  100.0000  100.0000  100.0000  100.0000  100.0000  100.0000  100.0000
    0.0500    0.0000   83.2160   98.5915   99.8818   99.9901   99.9989   99.9962   99.9559   99.4741   93.7336   91.8200
    0.1000    0.0000   71.6298   95.2383   99.4006   99.9327   99.9903   99.9735   99.7676   98.1201   88.1917   84.8822
    0.1500    0.0000   63.2916   91.2230   98.4475   99.7715   99.9588   99.9062   99.3696   96.2944   83.2432   78.8928
    0.2000    0.0000   57.0580   87.1399   97.0981   99.4632   99.8817   99.7684   98.7613   94.2100   78.7911   73.6514
    0.2500    0.0000   52.2377   83.2485   95.4690   98.9908   99.7347   99.5410   97.9672   91.9968   74.7611   69.0159
    0.3000    0.0000   48.3997   79.6468   93.6663   98.3579   99.4983   99.2123   97.0185   89.7347   71.0951   64.8819
    0.3500    0.0000   45.2668   76.3566   91.7726   97.5800   99.1594   98.7767   95.9455   87.4735   67.7460   61.1701
    0.4000    0.0000   42.6548   73.3662   89.8468   96.6776   98.7120   98.2337   94.7743   85.2441   64.6751   57.8188
    0.4500    0.0000   40.4378   70.6497   87.9283   95.6719   98.1554   97.5865   93.5270   83.0650   61.8504   54.7789
    0.5000    0.0000   38.5275   68.1778   86.0424   94.5829   97.4938   96.8408   92.2212   80.9469   59.2445   52.0103
    0.5500    0.0000   36.8599   65.9214   84.2041   93.4281   96.7339   96.0039   90.8714   78.8955   56.8340   49.4802
    0.6000    0.0000   35.3879   63.8537   82.4216   92.2224   95.8841   95.0841   89.4890   76.9131   54.5988   47.1607
    0.6500    0.0000   34.0757   61.9511   80.6981   90.9781   94.9540   94.0903   88.0833   74.9998   52.5212   45.0283
    0.7000    0.0000   32.8958   60.1927   79.0344   89.7054   93.9531   93.0312   86.6618   73.1542   50.5859   43.0631
    0.7500    0.0000   31.8266   58.5606   77.4288   88.4125   92.8908   91.9155   85.2308   71.3743   48.7791   41.2474
    0.8000    0.0000   30.8511   57.0392   75.8791   87.1062   91.7760   90.7514   83.7954   69.6574   47.0890   39.5662
    0.8500    0.0000   29.9552   55.6151   74.3821   85.7920   90.6170   89.5466   82.3600   68.0007   45.5047   38.0060
    0.9000    0.0000   29.1278   54.2767   72.9346   84.4743   89.4214   88.3083   80.9280   66.4012   44.0167   36.5551
    0.9500    0.0000   28.3594   53.0141   71.5332   83.1566   88.1961   87.0429   79.5027   64.8561   42.6164   35.2031
    1.0000    0.0000   27.6423   51.8185   70.1747   81.8420   86.9472   85.7563   78.0867   63.3626   41.2962   33.9407
    1.0500    0.0000   26.9700   50.6826   68.8562   80.5329   85.6803   84.4539   76.6820   61.9179   40.0491   32.7596
    1.1000    0.0000   26.3369   49.5999   67.5746   79.2312   84.4000   83.1403   75.2906   60.5195   38.8692   31.6524
    1.1500    0.0000   25.7383   48.5647   66.3276   77.9385   83.1108   81.8199   73.9141   59.1651   37.7507   30.6125
    1.2000    0.0000   25.1703   47.5722   65.1127   76.6563   81.8165   80.4962   72.5539   57.8523   36.6886   29.6341
    1.2500    0.0000   24.6294   46.6182   63.9279   75.3857   80.5202   79.1726   71.2109   56.5792   35.6785   28.7116
    1.3000    0.0000   24.1127   45.6989   62.7711   74.1274   79.2249   77.8519   69.8863   55.3438   34.7163   27.8405
    1.3500    0.0000   23.6176   44.8111   61.6407   72.8825   77.9332   76.5367   68.5806   54.1443   33.7983   27.0163
    1.4000    0.0000   23.1420   43.9520   60.5352   71.6513   76.6471   75.2291   67.2945   52.9791   32.9211   26.2351
    1.4500    0.0000   22.6839   43.1192   59.4532   70.4345   75.3685   73.9309   66.0285   51.8465   32.0818   25.4935
    1.5000    0.0000   22.2418   42.3105   58.3936   69.2326   74.0992   72.6439   64.7828   50.7452   31.2775   24.7883
    1.5500    0.0000   21.8141   41.5240   57.3551   68.0457   72.8404   71.3693   63.5579   49.6738   30.5059   24.1166
    1.6000    0.0000   21.3996   40.7582   56.3369   66.8743   71.5934   70.1083   62.3538   48.6311   29.7647   23.4759
    1.6500    0.0000   20.9972   40.0114   55.3382   65.7185   70.3592   68.8620   61.1706   47.6158   29.0519   22.8639
    1.7000    0.0000   20.6059   39.2826   54.3580   64.5785   69.1386   67.6311   60.0084   46.6269   28.3655   22.2783
    1.7500    0.0000   20.2250   38.5704   53.3958   63.4544   67.9324   66.4162   58.8671   45.6633   27.7038   21.7173
    1.8000    0.0000   19.8537   37.8741   52.4510   62.3463   66.7412   65.2181   57.7465   44.7241   27.0655   21.1793
    1.8500    0.0000   19.4914   37.1927   51.5229   61.2543   65.5655   64.0371   56.6467   43.8084   26.4489   20.6624
    1.9000    0.0000   19.1374   36.5254   50.6112   60.1783   64.4056   62.8735   55.5673   42.9152   25.8529   20.1655
    1.9500    0.0000   18.7914   35.8715   49.7152   59.1183   63.2618   61.7275   54.5082   42.0439   25.2763   19.6871
    2.0000    0.0000   18.4527   35.2305   48.8347   58.0744   62.1345   60.5995   53.4692   41.1936   24.7179   19.2260
    2.0500    0.0000   18.1212   34.6018   47.9693   57.0465   61.0239   59.4895   52.4500   40.3635   24.1768   18.7813
    2.1000    0.0000   17.7964   33.9850   47.1185   56.0344   59.9299   58.3975   51.4503   39.5531   23.6521   18.3518
    2.1500    0.0000   17.4780   33.3796   46.2821   55.0382   58.8527   57.3235   50.4698   38.7617   23.1429   17.9367
    2.2000    0.0000   17.1657   32.7852   45.4598   54.0577   57.7924   56.2676   49.5083   37.9886   22.6485   17.5352
    2.2500    0.0000   16.8594   32.2015   44.6513   53.0929   56.7489   55.2297   48.5655   37.2333   22.1681   17.1464
    2.3000    0.0000   16.5587   31.6281   43.8564   52.1435   55.7223   54.2096   47.6410   36.4952   21.7011   16.7698
    2.3500    0.0000   16.2635   31.0649   43.0747   51.2095   54.7123   53.2072   46.7345   35.7737   21.2469   16.4046
    2.4000    0.0000   15.9737   30.5114   42.3062   50.2907   53.7190   52.2224   45.8456   35.0685   20.8049   16.0503
    2.4500    0.0000   15.6891   29.9676   41.5505   49.3869   52.7423   51.2551   44.9742   34.3789   20.3745   15.7063
    2.5000    0.0000   15.4094   29.4331   40.8075   48.4981   51.7819   50.3049   44.1197   33.7046   19.9553   15.3722
    2.5500    0.0000   15.1347   28.9078   40.0769   47.6241   50.8379   49.3717   43.2820   33.0450   19.5468   15.0474
    2.6000    0.0000   14.8647   28.3914   39.3586   46.7647   49.9099   48.4553   42.4607   32.3999   19.1486   14.7315
    2.6500    0.0000   14.5994   27.8839   38.6524   45.9197   48.9979   47.5555   41.6554   31.7687   18.7603   14.4242
    2.7000    0.0000   14.3387   27.3850   37.9580   45.0889   48.1016   46.6721   40.8659   31.1510   18.3815   14.1250
    2.7500    0.0000   14.0824   26.8945   37.2754   44.2723   47.2209   45.8047   40.0918   30.5466   18.0119   13.8336
    2.8000    0.0000   13.8305   26.4124   36.6043   43.4696   46.3556   44.9533   39.3328   29.9550   17.6511   13.5497
    2.8500    0.0000   13.5829   25.9385   35.9446   42.6805   45.5055   44.1174   38.5887   29.3760   17.2988   13.2730
    2.9000    0.0000   13.3395   25.4726   35.2962   41.9051   44.6703   43.2969   37.8591   28.8091   16.9547   13.0032
    2.9500    0.0000   13.1003   25.0146   34.6587   41.1430   43.8499   42.4915   37.1437   28.2541   16.6186   12.7401
    3.0000    0.0000   12.8651   24.5644   34.0321   40.3940   43.0441   41.7010   36.4422   27.7106   16.2902   12.4833
    3.0500    0.0000   12.6339   24.1219   33.4163   39.6581   42.2526   40.9251   35.7544   27.1784   15.9692   12.2328
    3.1000    0.0000   12.4067   23.6869   32.8110   38.9350   41.4752   40.1636   35.0799   26.6572   15.6554   11.9881
    3.1500    0.0000   12.1833   23.2594   32.2162   38.2245   40.7117   39.4162   34.4186   26.1466   15.3486   11.7492
    3.2000    0.0000   11.9638   22.8392   31.6316   37.5265   39.9620   38.6826   33.7701   25.6466   15.0485   11.5159
    3.2500    0.0000   11.7480   22.4261   31.0571   36.8407   39.2257   37.9627   33.1341   25.1567   14.7551   11.2879
    3.3000    0.0000   11.5358   22.0202   30.4926   36.1669   38.5027   37.2562   32.5104   24.6768   14.4680   11.0651
    3.3500    0.0000   11.3273   21.6213   29.9378   35.5051   37.7927   36.5629   31.8988   24.2065   14.1871   10.8473
    3.4000    0.0000   11.1224   21.2292   29.3928   34.8550   37.0956   35.8824   31.2990   23.7458   13.9122   10.6344
    3.4500    0.0000   10.9211   20.8439   28.8572   34.2164   36.4111   35.2147   30.7108   23.2943   13.6432   10.4262
    3.5000    0.0000   10.7231   20.4653   28.3310   33.5891   35.7390   34.5593   30.1339   22.8518   13.3799   10.2225
    3.5500    0.0000   10.5286   20.0933   27.8141   32.9730   35.0792   33.9162   29.5680   22.4182   13.1221   10.0234
    3.6000    0.0000   10.3375   19.7277   27.3062   32.3679   34.4313   33.2851   29.0131   21.9932   12.8697    9.8285
    3.6500    0.0000   10.1497   19.3686   26.8073   31.7736   33.7952   32.6658   28.4688   21.5766   12.6225    9.6378
    3.7000    0.0000    9.9652   19.0156   26.3172   31.1899   33.1708   32.0580   27.9349   21.1683   12.3805    9.4512
    3.7500    0.0000    9.7838   18.6689   25.8357   30.6167   32.5577   31.4616   27.4113   20.7681   12.1434    9.2686
    3.8000    0.0000    9.6056   18.3283   25.3628   30.0538   31.9558   30.8762   26.8976   20.3757   11.9112    9.0898
    3.8500    0.0000    9.4306   17.9936   24.8983   29.5010   31.3650   30.3019   26.3938   19.9910   11.6838    8.9147
    3.9000    0.0000    9.2586   17.6649   24.4420   28.9582   30.7849   29.7382   25.8996   19.6138   11.4610    8.7434
    3.9500    0.0000    9.0896   17.3419   23.9938   28.4252   30.2155   29.1850   25.4148   19.2441   11.2427    8.5755
    4.0000    0.0000    8.9236   17.0247   23.5537   27.9017   29.6565   28.6422   24.9393   18.8815   11.0288    8.4112
    4.0500    0.0000    8.7606   16.7131   23.1214   27.3878   29.1078   28.1095   24.4728   18.5260   10.8191    8.2502
    4.1000    0.0000    8.6004   16.4070   22.6968   26.8831   28.5691   27.5867   24.0152   18.1774   10.6137    8.0925
    4.1500    0.0000    8.4430   16.1063   22.2799   26.3876   28.0403   27.0737   23.5662   17.8356   10.4124    7.9380
    4.2000    0.0000    8.2885   15.8110   21.8704   25.9010   27.5213   26.5703   23.1258   17.5003   10.2151    7.7867
    4.2500    0.0000    8.1366   15.5210   21.4683   25.4233   27.0118   26.0762   22.6937   17.1716   10.0217    7.6384
    4.3000    0.0000    7.9875   15.2362   21.0735   24.9543   26.5116   25.5914   22.2699   16.8492    9.8322    7.4931
    4.3500    0.0000    7.8411   14.9564   20.6857   24.4938   26.0207   25.1156   21.8540   16.5330    9.6463    7.3508
    4.4000    0.0000    7.6972   14.6817   20.3049   24.0417   25.5388   24.6487   21.4460   16.2229    9.4642    7.2113
    4.4500    0.0000    7.5559   14.4119   19.9311   23.5979   25.0658   24.1905   21.0457   15.9187    9.2856    7.0745
    4.5000    0.0000    7.4172   14.1469   19.5639   23.1621   24.6014   23.7408   20.6530   15.6204    9.1105    6.9405
    4.5500    0.0000    7.2809   13.8868   19.2035   22.7343   24.1457   23.2995   20.2677   15.3277    8.9388    6.8091
    4.6000    0.0000    7.1471   13.6313   18.8495   22.3143   23.6983   22.8665   19.8897   15.0407    8.7705    6.6804
    4.6500    0.0000    7.0157   13.3804   18.5020   21.9019   23.2592   22.4415   19.5188   14.7592    8.6054    6.5541
    4.7000    0.0000    6.8867   13.1340   18.1608   21.4971   22.8282   22.0244   19.1549   14.4830    8.4435    6.4304
    4.7500    0.0000    6.7600   12.8921   17.8258   21.0998   22.4052   21.6151   18.7978   14.2121    8.2848    6.3091
    4.8000    0.0000    6.6355   12.6546   17.4969   20.7097   21.9900   21.2135   18.4474   13.9463    8.1292    6.1901
    4.8500    0.0000    6.5134   12.4214   17.1739   20.3267   21.5824   20.8193   18.1037   13.6856    7.9765    6.0735
    4.9000    0.0000    6.3934   12.1924   16.8569   19.9508   21.1824   20.4324   17.7664   13.4299    7.8268    5.9591
    4.9500    0.0000    6.2756   11.9675   16.5456   19.5817   20.7897   20.0528   17.4354   13.1790    7.6800    5.8470
    5.0000    0.0000    6.1599   11.7468   16.2400   19.2195   20.4043   19.6802   17.1107   12.9328    7.5360    5.7370
    5.0500    0.0000    6.0463   11.5301   15.9400   18.8638   20.0261   19.3145   16.7920   12.6913    7.3947    5.6292
    5.1000    0.0000    5.9348   11.3173   15.6455   18.5148   19.6548   18.9557   16.4793   12.4544    7.2562    5.5235
    5.1500    0.0000    5.8254   11.1084   15.3564   18.1721   19.2904   18.6036   16.1725   12.2220    7.1203    5.4198
    5.2000    0.0000    5.7179   10.9033   15.0725   17.8357   18.9327   18.2580   15.8715   11.9939    6.9870    5.3180
    5.2500    0.0000    5.6123   10.7019   14.7939   17.5055   18.5816   17.9188   15.5761   11.7702    6.8563    5.2183
    5.3000    0.0000    5.5087   10.5042   14.5204   17.1814   18.2371   17.5859   15.2862   11.5507    6.7280    5.1205
    5.3500    0.0000    5.4070   10.3101   14.2518   16.8633   17.8989   17.2593   15.0017   11.3353    6.6022    5.0245
    5.4000    0.0000    5.3072   10.1196   13.9882   16.5510   17.5669   16.9387   14.7226   11.1240    6.4788    4.9304
    5.4500    0.0000    5.2091    9.9326   13.7295   16.2445   17.2412   16.6241   14.4487   10.9166    6.3577    4.8381
    5.5000    0.0000    5.1129    9.7490   13.4754   15.9436   16.9214   16.3153   14.1799   10.7132    6.2389    4.7475
    5.5500    0.0000    5.0184    9.5687   13.2261   15.6483   16.6076   16.0123   13.9161   10.5136    6.1224    4.6587
    5.6000    0.0000    4.9256    9.3918   12.9813   15.3584   16.2995   15.7149   13.6573   10.3177    6.0081    4.5715
    5.6500    0.0000    4.8346    9.2181   12.7411   15.0739   15.9972   15.4230   13.4033   10.1255    5.8959    4.4860
    5.7000    0.0000    4.7452    9.0475   12.5052   14.7946   15.7005   15.1366   13.1540    9.9369    5.7859    4.4022
    5.7500    0.0000    4.6574    8.8801   12.2737   14.5204   15.4092   14.8555   12.9094    9.7519    5.6779    4.3199
    5.8000    0.0000    4.5713    8.7158   12.0464   14.2513   15.1234   14.5796   12.6694    9.5703    5.5720    4.2392
    5.8500    0.0000    4.4867    8.5545   11.8234   13.9872   14.8429   14.3089   12.4338    9.3922    5.4681    4.1600
    5.9000    0.0000    4.4037    8.3962   11.6044   13.7280   14.5675   14.0432   12.2027    9.2173    5.3661    4.0824
    5.9500    0.0000    4.3222    8.2408   11.3895   13.4736   14.2973   13.7824   11.9758    9.0458    5.2661    4.0062
    6.0000    0.0000    4.2422    8.0882   11.1785   13.2238   14.0320   13.5265   11.7532    8.8774    5.1679    3.9314
    6.0500    0.0000    4.1637    7.9385   10.9715   12.9787   13.7717   13.2753   11.5348    8.7123    5.0716    3.8580
    6.1000    0.0000    4.0866    7.7915   10.7682   12.7381   13.5162   13.0288   11.3204    8.5502    4.9771    3.7861
    6.1500    0.0000    4.0110    7.6472   10.5687   12.5019   13.2654   12.7869   11.1100    8.3911    4.8844    3.7155
    6.2000    0.0000    3.9367    7.5056   10.3729   12.2702   13.0193   12.5494   10.9035    8.2350    4.7934    3.6462
    6.2500    0.0000    3.8638    7.3666   10.1807   12.0427   12.7778   12.3164   10.7009    8.0818    4.7041    3.5782
    6.3000    0.0000    3.7923    7.2301    9.9920   11.8194   12.5407   12.0877   10.5021    7.9315    4.6165    3.5115
    6.3500    0.0000    3.7220    7.0962    9.8068   11.6002   12.3080   11.8633   10.3069    7.7840    4.5306    3.4461
    6.4000    0.0000    3.6531    6.9647    9.6251   11.3851   12.0796   11.6430   10.1154    7.6393    4.4462    3.3819
    6.4500    0.0000    3.5854    6.8356    9.4467   11.1740   11.8555   11.4269    9.9275    7.4972    4.3635    3.3189
    6.5000    0.0000    3.5190    6.7090    9.2715   10.9667   11.6355   11.2147    9.7430    7.3578    4.2823    3.2571
    6.5500    0.0000    3.4538    6.5847    9.0997   10.7634   11.4196   11.0065    9.5620    7.2210    4.2026    3.1964
    6.6000    0.0000    3.3898    6.4626    8.9310   10.5637   11.2077   10.8021    9.3844    7.0868    4.1244    3.1369
    6.6500    0.0000    3.3270    6.3429    8.7654   10.3678   10.9998   10.6016    9.2101    6.9551    4.0476    3.0785
    6.7000    0.0000    3.2653    6.2253    8.6029   10.1755   10.7956   10.4048    9.0390    6.8258    3.9723    3.0212
    6.7500    0.0000    3.2048    6.1099    8.4434    9.9868   10.5953   10.2116    8.8711    6.6989    3.8984    2.9649
    6.8000    0.0000    3.1454    5.9966    8.2868    9.8015   10.3987   10.0220    8.7063    6.5744    3.8259    2.9097
    6.8500    0.0000    3.0871    5.8855    8.1332    9.6197   10.2057    9.8360    8.5446    6.4523    3.7548    2.8556
    6.9000    0.0000    3.0299    5.7764    7.9824    9.4413   10.0164    9.6533    8.3859    6.3323    3.6849    2.8025
    6.9500    0.0000    2.9737    5.6693    7.8343    9.2662    9.8305    9.4741    8.2301    6.2147    3.6164    2.7503
    7.0000    0.0000    2.9186    5.5642    7.6890    9.0943    9.6481    9.2983    8.0773    6.0992    3.5492    2.6992
    7.0500    0.0000    2.8645    5.4610    7.5464    8.9256    9.4690    9.1256    7.9273    5.9859    3.4832    2.6490
    7.1000    0.0000    2.8114    5.3597    7.4065    8.7600    9.2933    8.9562    7.7800    5.8747    3.4184    2.5997
    7.1500    0.0000    2.7593    5.2603    7.2691    8.5975    9.1208    8.7900    7.6356    5.7655    3.3549    2.5513
    7.2000    0.0000    2.7081    5.1628    7.1343    8.4380    8.9516    8.6268    7.4938    5.6584    3.2925    2.5039
    7.2500    0.0000    2.6579    5.0670    7.0020    8.2814    8.7854    8.4666    7.3546    5.5533    3.2313    2.4573
    7.3000    0.0000    2.6086    4.9731    6.8721    8.1278    8.6224    8.3095    7.2180    5.4501    3.1713    2.4116
    7.3500    0.0000    2.5602    4.8808    6.7446    7.9770    8.4624    8.1552    7.0840    5.3489    3.1123    2.3668
    7.4000    0.0000    2.5127    4.7903    6.6195    7.8290    8.3053    8.0038    6.9524    5.2495    3.0545    2.3228
    7.4500    0.0000    2.4661    4.7015    6.4967    7.6837    8.1512    7.8552    6.8233    5.1520    2.9977    2.2796
    7.5000    0.0000    2.4204    4.6143    6.3762    7.5411    7.9999    7.7094    6.6966    5.0563    2.9420    2.2372
    7.5500    0.0000    2.3755    4.5287    6.2579    7.4012    7.8515    7.5663    6.5723    4.9624    2.8873    2.1957
    7.6000    0.0000    2.3315    4.4447    6.1418    7.2639    7.7057    7.4259    6.4503    4.8702    2.8337    2.1549
    7.6500    0.0000    2.2882    4.3622    6.0279    7.1291    7.5627    7.2880    6.3305    4.7798    2.7811    2.1148
    7.7000    0.0000    2.2458    4.2813    5.9160    6.9968    7.4224    7.1527    6.2130    4.6910    2.7294    2.0755
    7.7500    0.0000    2.2041    4.2019    5.8063    6.8670    7.2846    7.0199    6.0976    4.6039    2.6787    2.0369
    7.8000    0.0000    2.1632    4.1239    5.6985    6.7396    7.1494    6.8896    5.9844    4.5184    2.6289    1.9991
    7.8500    0.0000    2.1231    4.0474    5.5928    6.6145    7.0167    6.7617    5.8733    4.4345    2.5801    1.9619
    7.9000    0.0000    2.0837    3.9723    5.4890    6.4918    6.8865    6.6362    5.7642    4.3521    2.5321    1.9255
    7.9500    0.0000    2.0451    3.8986    5.3872    6.3713    6.7587    6.5130    5.6572    4.2713    2.4851    1.8897
    8.0000    0.0000    2.0071    3.8263    5.2872    6.2531    6.6333    6.3921    5.5522    4.1920    2.4390    1.8546
    8.0500    0.0000    1.9699    3.7553    5.1891    6.1370    6.5101    6.2735    5.4491    4.1142    2.3937    1.8201
    8.1000    0.0000    1.9333    3.6857    5.0929    6.0231    6.3893    6.1570    5.3479    4.0378    2.3492    1.7863
    8.1500    0.0000    1.8975    3.6173    4.9984    5.9114    6.2707    6.0427    5.2487    3.9628    2.3056    1.7532
    8.2000    0.0000    1.8623    3.5502    4.9056    5.8017    6.1544    5.9306    5.1512    3.8892    2.2627    1.7206
    8.2500    0.0000    1.8277    3.4843    4.8146    5.6940    6.0401    5.8205    5.0556    3.8170    2.2207    1.6886
    8.3000    0.0000    1.7938    3.4196    4.7252    5.5883    5.9280    5.7124    4.9617    3.7461    2.1795    1.6573
    8.3500    0.0000    1.7605    3.3562    4.6376    5.4846    5.8180    5.6064    4.8696    3.6766    2.1390    1.6265
    8.4000    0.0000    1.7279    3.2939    4.5515    5.3828    5.7100    5.5023    4.7792    3.6083    2.0993    1.5963
    8.4500    0.0000    1.6958    3.2328    4.4670    5.2829    5.6040    5.4002    4.6905    3.5413    2.0603    1.5666
    8.5000    0.0000    1.6643    3.1728    4.3841    5.1849    5.5000    5.3000    4.6034    3.4756    2.0220    1.5375
    8.5500    0.0000    1.6334    3.1139    4.3028    5.0887    5.3979    5.2016    4.5180    3.4110    1.9845    1.5090
    8.6000    0.0000    1.6031    3.0561    4.2229    4.9942    5.2978    5.1050    4.4341    3.3477    1.9476    1.4809
    8.6500    0.0000    1.5734    2.9994    4.1446    4.9015    5.1994    5.0103    4.3518    3.2855    1.9115    1.4534
    8.7000    0.0000    1.5442    2.9438    4.0677    4.8106    5.1029    4.9173    4.2710    3.2245    1.8760    1.4265
    8.7500    0.0000    1.5155    2.8891    3.9922    4.7213    5.0082    4.8260    4.1917    3.1647    1.8411    1.4000
    8.8000    0.0000    1.4874    2.8355    3.9181    4.6337    4.9153    4.7364    4.1139    3.1059    1.8070    1.3740
    8.8500    0.0000    1.4598    2.7829    3.8454    4.5477    4.8240    4.6485    4.0375    3.0483    1.7734    1.3485
    8.9000    0.0000    1.4327    2.7313    3.7740    4.4633    4.7345    4.5622    3.9626    2.9917    1.7405    1.3234
    8.9500    0.0000    1.4061    2.6806    3.7040    4.3804    4.6466    4.4775    3.8890    2.9361    1.7082    1.2988
    9.0000    0.0000    1.3800    2.6308    3.6352    4.2991    4.5604    4.3944    3.8168    2.8816    1.6764    1.2747
    9.0500    0.0000    1.3544    2.5820    3.5678    4.2194    4.4757    4.3129    3.7460    2.8281    1.6453    1.2511
    9.1000    0.0000    1.3293    2.5341    3.5016    4.1410    4.3927    4.2328    3.6764    2.7756    1.6148    1.2278
    9.1500    0.0000    1.3046    2.4871    3.4366    4.0642    4.3111    4.1542    3.6082    2.7241    1.5848    1.2050
    9.2000    0.0000    1.2804    2.4409    3.3728    3.9888    4.2311    4.0771    3.5412    2.6735    1.5554    1.1826
    9.2500    0.0000    1.2567    2.3956    3.3102    3.9147    4.1526    4.0014    3.4755    2.6239    1.5265    1.1607
    9.3000    0.0000    1.2333    2.3512    3.2488    3.8421    4.0755    3.9272    3.4110    2.5752    1.4982    1.1391
    9.3500    0.0000    1.2104    2.3075    3.1885    3.7708    3.9999    3.8543    3.3476    2.5274    1.4703    1.1180
    9.4000    0.0000    1.1880    2.2647    3.1293    3.7008    3.9256    3.7827    3.2855    2.4805    1.4430    1.0972
    9.4500    0.0000    1.1659    2.2227    3.0712    3.6321    3.8528    3.7125    3.2245    2.4344    1.4163    1.0769
    9.5000    0.0000    1.1443    2.1814    3.0142    3.5647    3.7813    3.6436    3.1647    2.3892    1.3900    1.0569
    9.5500    0.0000    1.1231    2.1409    2.9583    3.4985    3.7111    3.5760    3.1059    2.3449    1.3642    1.0372
    9.6000    0.0000    1.1022    2.1012    2.9034    3.4336    3.6422    3.5096    3.0483    2.3013    1.3388    1.0180
    9.6500    0.0000    1.0818    2.0622    2.8495    3.3699    3.5746    3.4445    2.9917    2.2586    1.3140    0.9991
    9.7000    0.0000    1.0617    2.0239    2.7966    3.3073    3.5082    3.3805    2.9361    2.2167    1.2896    0.9805
    9.7500    0.0000    1.0420    1.9864    2.7447    3.2459    3.4431    3.3178    2.8816    2.1756    1.2656    0.9623
    9.8000    0.0000    1.0226    1.9495    2.6938    3.1857    3.3792    3.2562    2.8282    2.1352    1.2421    0.9445
    9.8500    0.0000    1.0037    1.9133    2.6438    3.1266    3.3165    3.1958    2.7757    2.0955    1.2191    0.9269
    9.9000    0.0000    0.9850    1.8778    2.5947    3.0685    3.2549    3.1364    2.7241    2.0566    1.1965    0.9097
    9.9500    0.0000    0.9668    1.8430    2.5465    3.0116    3.1945    3.0782    2.6736    2.0185    1.1742    0.8928
   10.0000    0.0000    0.9488    1.8088    2.4993    2.9557    3.1352    3.0211    2.6239    1.9810    1.1524    0.8763
   10.0500    0.0000    0.9312    1.7752    2.4529    2.9008    3.0770    2.9650    2.5752    1.9442    1.1311    0.8600
   10.1000    0.0000    0.9139    1.7422    2.4074    2.8470    3.0199    2.9100    2.5274    1.9081    1.1101    0.8440
   10.1500    0.0000    0.8970    1.7099    2.3627    2.7941    2.9639    2.8560    2.4805    1.8727    1.0895    0.8284
   10.2000    0.0000    0.8803    1.6782    2.3188    2.7423    2.9089    2.8030    2.4345    1.8379    1.0692    0.8130
   10.2500    0.0000    0.8640    1.6470    2.2758    2.6914    2.8549    2.7509    2.3893    1.8038    1.0494    0.7979
   10.3000    0.0000    0.8479    1.6164    2.2335    2.6414    2.8019    2.6999    2.3449    1.7703    1.0299    0.7831
   10.3500    0.0000    0.8322    1.5864    2.1921    2.5924    2.7499    2.6498    2.3014    1.7375    1.0108    0.7685
   10.4000    0.0000    0.8168    1.5570    2.1514    2.5443    2.6988    2.6006    2.2587    1.7052    0.9920    0.7543
   10.4500    0.0000    0.8016    1.5281    2.1115    2.4971    2.6487    2.5523    2.2168    1.6736    0.9736    0.7403
   10.5000    0.0000    0.7867    1.4997    2.0723    2.4507    2.5996    2.5049    2.1756    1.6425    0.9555    0.7265
   10.5500    0.0000    0.7721    1.4719    2.0338    2.4052    2.5513    2.4584    2.1352    1.6120    0.9378    0.7131
   10.6000    0.0000    0.7578    1.4446    1.9961    2.3606    2.5040    2.4128    2.0956    1.5821    0.9204    0.6998
   10.6500    0.0000    0.7437    1.4178    1.9590    2.3168    2.4575    2.3680    2.0567    1.5527    0.9033    0.6868
   10.7000    0.0000    0.7299    1.3915    1.9227    2.2738    2.4119    2.3241    2.0185    1.5239    0.8865    0.6741
   10.7500    0.0000    0.7164    1.3656    1.8870    2.2316    2.3671    2.2809    1.9811    1.4956    0.8701    0.6616
   10.8000    0.0000    0.7031    1.3403    1.8520    2.1901    2.3232    2.2386    1.9443    1.4679    0.8539    0.6493
   10.8500    0.0000    0.6900    1.3154    1.8176    2.1495    2.2801    2.1970    1.9082    1.4406    0.8381    0.6372
   10.9000    0.0000    0.6772    1.2910    1.7838    2.1096    2.2377    2.1563    1.8728    1.4139    0.8225    0.6254
   10.9500    0.0000    0.6646    1.2670    1.7507    2.0704    2.1962    2.1162    1.8380    1.3876    0.8073    0.6138
   11.0000    0.0000    0.6523    1.2435    1.7182    2.0320    2.1554    2.0770    1.8039    1.3619    0.7923    0.6024
   11.0500    0.0000    0.6402    1.2204    1.6863    1.9943    2.1154    2.0384    1.7704    1.3366    0.7776    0.5912
   11.1000    0.0000    0.6283    1.1978    1.6550    1.9573    2.0762    2.0006    1.7376    1.3118    0.7631    0.5802
   11.1500    0.0000    0.6167    1.1756    1.6243    1.9210    2.0376    1.9634    1.7053    1.2874    0.7490    0.5695
   11.2000    0.0000    0.6052    1.1537    1.5942    1.8853    1.9998    1.9270    1.6737    1.2635    0.7351    0.5589
   11.2500    0.0000    0.5940    1.1323    1.5646    1.8503    1.9627    1.8912    1.6426    1.2401    0.7214    0.5485
   11.3000    0.0000    0.5830    1.1113    1.5356    1.8160    1.9263    1.8561    1.6121    1.2171    0.7080    0.5383
   11.3500    0.0000    0.5721    1.0907    1.5071    1.7823    1.8905    1.8217    1.5822    1.1945    0.6949    0.5284
   11.4000    0.0000    0.5615    1.0704    1.4791    1.7492    1.8554    1.7879    1.5528    1.1723    0.6820    0.5185
   11.4500    0.0000    0.5511    1.0506    1.4516    1.7167    1.8210    1.7547    1.5240    1.1505    0.6693    0.5089
   11.5000    0.0000    0.5409    1.0311    1.4247    1.6848    1.7872    1.7221    1.4957    1.1292    0.6569    0.4995
   11.5500    0.0000    0.5308    1.0119    1.3982    1.6536    1.7540    1.6901    1.4679    1.1082    0.6447    0.4902
   11.6000    0.0000    0.5210    0.9931    1.3723    1.6229    1.7215    1.6588    1.4407    1.0877    0.6327    0.4811
   11.6500    0.0000    0.5113    0.9747    1.3468    1.5928    1.6895    1.6280    1.4140    1.0675    0.6210    0.4722
   11.7000    0.0000    0.5018    0.9566    1.3218    1.5632    1.6581    1.5978    1.3877    1.0477    0.6095    0.4634
   11.7500    0.0000    0.4925    0.9389    1.2973    1.5342    1.6274    1.5681    1.3619    1.0282    0.5982    0.4548
   11.8000    0.0000    0.4834    0.9214    1.2732    1.5057    1.5972    1.5390    1.3367    1.0091    0.5871    0.4464
   11.8500    0.0000    0.4744    0.9043    1.2496    1.4778    1.5675    1.5104    1.3119    0.9904    0.5762    0.4381
   11.9000    0.0000    0.4656    0.8876    1.2264    1.4503    1.5384    1.4824    1.2875    0.9720    0.5655    0.4299
   11.9500    0.0000    0.4569    0.8711    1.2036    1.4234    1.5099    1.4549    1.2636    0.9540    0.5550    0.4220
   12.0000    0.0000    0.4485    0.8549    1.1813    1.3970    1.4818    1.4279    1.2402    0.9363    0.5447    0.4141
   12.0500    0.0000    0.4401    0.8390    1.1594    1.3711    1.4543    1.4014    1.2171    0.9189    0.5346    0.4064
   12.1000    0.0000    0.4320    0.8235    1.1378    1.3456    1.4273    1.3754    1.1945    0.9018    0.5246    0.3989
   12.1500    0.0000    0.4239    0.8082    1.1167    1.3206    1.4008    1.3498    1.1724    0.8851    0.5149    0.3915
   12.2000    0.0000    0.4161    0.7932    1.0960    1.2961    1.3748    1.3248    1.1506    0.8687    0.5053    0.3842
   12.2500    0.0000    0.4084    0.7785    1.0756    1.2721    1.3493    1.3002    1.1293    0.8525    0.4960    0.3771
   12.3000    0.0000    0.4008    0.7640    1.0557    1.2485    1.3243    1.2761    1.1083    0.8367    0.4868    0.3701
   12.3500    0.0000    0.3933    0.7498    1.0361    1.2253    1.2997    1.2524    1.0877    0.8212    0.4777    0.3632
   12.4000    0.0000    0.3860    0.7359    1.0169    1.2025    1.2756    1.2291    1.0675    0.8059    0.4689    0.3565
   12.4500    0.0000    0.3789    0.7223    0.9980    1.1802    1.2519    1.2063    1.0477    0.7910    0.4601    0.3499
   12.5000    0.0000    0.3718    0.7088    0.9795    1.1583    1.2287    1.1839    1.0283    0.7763    0.4516    0.3434
   12.5500    0.0000    0.3649    0.6957    0.9613    1.1368    1.2059    1.1619    1.0092    0.7619    0.4432    0.3370
   12.6000    0.0000    0.3582    0.6828    0.9434    1.1157    1.1835    1.1404    0.9905    0.7478    0.4350    0.3307
   12.6500    0.0000    0.3515    0.6701    0.9259    1.0950    1.1615    1.1192    0.9721    0.7339    0.4269    0.3246
   12.7000    0.0000    0.3450    0.6577    0.9087    1.0747    1.1400    1.0984    0.9540    0.7202    0.4190    0.3186
   12.7500    0.0000    0.3386    0.6455    0.8919    1.0547    1.1188    1.0780    0.9363    0.7069    0.4112    0.3127
   12.8000    0.0000    0.3323    0.6335    0.8753    1.0352    1.0980    1.0580    0.9189    0.6938    0.4036    0.3069
   12.8500    0.0000    0.3261    0.6217    0.8591    1.0159    1.0776    1.0384    0.9019    0.6809    0.3961    0.3012
   12.9000    0.0000    0.3201    0.6102    0.8431    0.9971    1.0576    1.0191    0.8851    0.6682    0.3887    0.2956
   12.9500    0.0000    0.3141    0.5989    0.8275    0.9786    1.0380    1.0002    0.8687    0.6558    0.3815    0.2901
   13.0000    0.0000    0.3083    0.5877    0.8121    0.9604    1.0187    0.9816    0.8526    0.6437    0.3744    0.2847
   13.0500    0.0000    0.3026    0.5768    0.7970    0.9426    0.9998    0.9634    0.8368    0.6317    0.3675    0.2794
   13.1000    0.0000    0.2970    0.5661    0.7822    0.9251    0.9813    0.9455    0.8212    0.6200    0.3607    0.2742
   13.1500    0.0000    0.2915    0.5556    0.7677    0.9079    0.9631    0.9280    0.8060    0.6085    0.3540    0.2691
   13.2000    0.0000    0.2860    0.5453    0.7535    0.8911    0.9452    0.9108    0.7910    0.5972    0.3474    0.2642
   13.2500    0.0000    0.2807    0.5352    0.7395    0.8745    0.9276    0.8939    0.7763    0.5861    0.3410    0.2592
   13.3000    0.0000    0.2755    0.5252    0.7258    0.8583    0.9104    0.8773    0.7619    0.5752    0.3346    0.2544
   13.3500    0.0000    0.2704    0.5155    0.7123    0.8424    0.8935    0.8610    0.7478    0.5646    0.3284    0.2497
   13.4000    0.0000    0.2654    0.5059    0.6991    0.8267    0.8769    0.8450    0.7339    0.5541    0.3223    0.2451
   13.4500    0.0000    0.2605    0.4965    0.6861    0.8114    0.8607    0.8293    0.7203    0.5438    0.3163    0.2405
   13.5000    0.0000    0.2556    0.4873    0.6734    0.7963    0.8447    0.8139    0.7069    0.5337    0.3105    0.2361
   13.5500    0.0000    0.2509    0.4783    0.6609    0.7815    0.8290    0.7988    0.6938    0.5238    0.3047    0.2317
   13.6000    0.0000    0.2462    0.4694    0.6486    0.7670    0.8136    0.7840    0.6809    0.5141    0.2991    0.2274
   13.6500    0.0000    0.2417    0.4607    0.6366    0.7528    0.7985    0.7694    0.6683    0.5045    0.2935    0.2232
   13.7000    0.0000    0.2372    0.4521    0.6247    0.7388    0.7837    0.7552    0.6559    0.4952    0.2881    0.2190
   13.7500    0.0000    0.2328    0.4437    0.6131    0.7251    0.7692    0.7411    0.6437    0.4860    0.2827    0.2150
   13.8000    0.0000    0.2285    0.4355    0.6018    0.7117    0.7549    0.7274    0.6318    0.4769    0.2775    0.2110
   13.8500    0.0000    0.2242    0.4274    0.5906    0.6984    0.7409    0.7139    0.6200    0.4681    0.2723    0.2071
   13.9000    0.0000    0.2201    0.4195    0.5796    0.6855    0.7271    0.7006    0.6085    0.4594    0.2673    0.2032
   13.9500    0.0000    0.2160    0.4117    0.5689    0.6728    0.7136    0.6876    0.5972    0.4509    0.2623    0.1994
   14.0000    0.0000    0.2120    0.4041    0.5583    0.6603    0.7004    0.6749    0.5861    0.4425    0.2574    0.1957
   14.0500    0.0000    0.2080    0.3966    0.5480    0.6480    0.6874    0.6623    0.5753    0.4343    0.2527    0.1921
   14.1000    0.0000    0.2042    0.3892    0.5378    0.6360    0.6746    0.6500    0.5646    0.4262    0.2480    0.1885
   14.1500    0.0000    0.2004    0.3820    0.5278    0.6242    0.6621    0.6380    0.5541    0.4183    0.2434    0.1850
   14.2000    0.0000    0.1967    0.3749    0.5180    0.6126    0.6498    0.6261    0.5438    0.4106    0.2388    0.1816
   14.2500    0.0000    0.1930    0.3679    0.5084    0.6012    0.6377    0.6145    0.5337    0.4029    0.2344    0.1782
   14.3000    0.0000    0.1894    0.3611    0.4990    0.5901    0.6259    0.6031    0.5238    0.3955    0.2301    0.1749
   14.3500    0.0000    0.1859    0.3544    0.4897    0.5791    0.6143    0.5919    0.5141    0.3881    0.2258    0.1717
   14.4000    0.0000    0.1825    0.3478    0.4806    0.5684    0.6029    0.5809    0.5046    0.3809    0.2216    0.1685
   14.4500    0.0000    0.1791    0.3414    0.4717    0.5578    0.5917    0.5701    0.4952    0.3738    0.2175    0.1654
   14.5000    0.0000    0.1757    0.3350    0.4629    0.5475    0.5807    0.5596    0.4860    0.3669    0.2134    0.1623
   14.5500    0.0000    0.1725    0.3288    0.4543    0.5373    0.5699    0.5492    0.4770    0.3601    0.2095    0.1593
   14.6000    0.0000    0.1693    0.3227    0.4459    0.5273    0.5594    0.5390    0.4681    0.3534    0.2056    0.1563
   14.6500    0.0000    0.1661    0.3167    0.4376    0.5175    0.5490    0.5290    0.4594    0.3469    0.2018    0.1534
   14.7000    0.0000    0.1631    0.3108    0.4295    0.5079    0.5388    0.5192    0.4509    0.3404    0.1980    0.1506
   14.7500    0.0000    0.1600    0.3051    0.4215    0.4985    0.5288    0.5095    0.4425    0.3341    0.1944    0.1478
   14.8000    0.0000    0.1571    0.2994    0.4137    0.4893    0.5190    0.5001    0.4343    0.3279    0.1908    0.1450
   14.8500    0.0000    0.1541    0.2939    0.4060    0.4802    0.5093    0.4908    0.4263    0.3218    0.1872    0.1423
   14.9000    0.0000    0.1513    0.2884    0.3985    0.4713    0.4999    0.4817    0.4184    0.3158    0.1837    0.1397
   14.9500    0.0000    0.1485    0.2830    0.3911    0.4625    0.4906    0.4727    0.4106    0.3100    0.1803    0.1371
   15.0000    0.0000    0.1457    0.2778    0.3838    0.4539    0.4815    0.4640    0.4030    0.3042    0.1770    0.1346
   15.0500    0.0000    0.1430    0.2726    0.3767    0.4455    0.4726    0.4554    0.3955    0.2986    0.1737    0.1321
   15.1000    0.0000    0.1404    0.2676    0.3697    0.4372    0.4638    0.4469    0.3881    0.2930    0.1705    0.1296
   15.1500    0.0000    0.1378    0.2626    0.3629    0.4291    0.4552    0.4386    0.3809    0.2876    0.1673    0.1272
   15.2000    0.0000    0.1352    0.2577    0.3561    0.4212    0.4467    0.4305    0.3739    0.2823    0.1642    0.1248
   15.2500    0.0000    0.1327    0.2529    0.3495    0.4133    0.4384    0.4225    0.3669    0.2770    0.1612    0.1225
   15.3000    0.0000    0.1302    0.2483    0.3430    0.4057    0.4303    0.4146    0.3601    0.2719    0.1582    0.1203
   15.3500    0.0000    0.1278    0.2436    0.3367    0.3981    0.4223    0.4069    0.3534    0.2668    0.1552    0.1180
   15.4000    0.0000    0.1254    0.2391    0.3304    0.3907    0.4145    0.3994    0.3469    0.2619    0.1523    0.1158
   15.4500    0.0000    0.1231    0.2347    0.3243    0.3835    0.4068    0.3920    0.3404    0.2570    0.1495    0.1137
   15.5000    0.0000    0.1208    0.2303    0.3183    0.3764    0.3992    0.3847    0.3341    0.2522    0.1467    0.1116
   15.5500    0.0000    0.1186    0.2261    0.3124    0.3694    0.3918    0.3776    0.3279    0.2476    0.1440    0.1095
   15.6000    0.0000    0.1164    0.2219    0.3066    0.3625    0.3846    0.3705    0.3218    0.2430    0.1413    0.1075
   15.6500    0.0000    0.1142    0.2177    0.3009    0.3558    0.3774    0.3637    0.3159    0.2385    0.1387    0.1055
   15.7000    0.0000    0.1121    0.2137    0.2953    0.3492    0.3704    0.3569    0.3100    0.2340    0.1361    0.1035
   15.7500    0.0000    0.1100    0.2097    0.2898    0.3427    0.3635    0.3503    0.3042    0.2297    0.1336    0.1016
   15.8000    0.0000    0.1080    0.2058    0.2844    0.3364    0.3568    0.3438    0.2986    0.2254    0.1311    0.0997
   15.8500    0.0000    0.1060    0.2020    0.2791    0.3301    0.3502    0.3374    0.2931    0.2212    0.1287    0.0979
   15.9000    0.0000    0.1040    0.1983    0.2740    0.3240    0.3437    0.3311    0.2876    0.2171    0.1263    0.0960
   15.9500    0.0000    0.1021    0.1946    0.2689    0.3180    0.3373    0.3250    0.2823    0.2131    0.1240    0.0943
   16.0000    0.0000    0.1002    0.1910    0.2639    0.3121    0.3310    0.3190    0.2770    0.2091    0.1217    0.0925
   16.0500    0.0000    0.0983    0.1874    0.2590    0.3063    0.3249    0.3130    0.2719    0.2053    0.1194    0.0908
   16.1000    0.0000    0.0965    0.1840    0.2542    0.3006    0.3188    0.3072    0.2668    0.2015    0.1172    0.0891
   16.1500    0.0000    0.0947    0.1805    0.2495    0.2950    0.3129    0.3015    0.2619    0.1977    0.1150    0.0875
   16.2000    0.0000    0.0929    0.1772    0.2448    0.2895    0.3071    0.2959    0.2570    0.1940    0.1129    0.0858
   16.2500    0.0000    0.0912    0.1739    0.2403    0.2842    0.3014    0.2904    0.2523    0.1904    0.1108    0.0842
   16.3000    0.0000    0.0895    0.1707    0.2358    0.2789    0.2958    0.2851    0.2476    0.1869    0.1087    0.0827
   16.3500    0.0000    0.0879    0.1675    0.2314    0.2737    0.2903    0.2798    0.2430    0.1834    0.1067    0.0811
   16.4000    0.0000    0.0862    0.1644    0.2272    0.2686    0.2849    0.2746    0.2385    0.1800    0.1047    0.0796
   16.4500    0.0000    0.0846    0.1613    0.2229    0.2636    0.2797    0.2695    0.2340    0.1767    0.1028    0.0782
   16.5000    0.0000    0.0831    0.1583    0.2188    0.2588    0.2745    0.2645    0.2297    0.1734    0.1009    0.0767
   16.5500    0.0000    0.0815    0.1554    0.2147    0.2539    0.2694    0.2596    0.2254    0.1702    0.0990    0.0753
   16.6000    0.0000    0.0800    0.1525    0.2108    0.2492    0.2644    0.2547    0.2213    0.1670    0.0972    0.0739
   16.6500    0.0000    0.0785    0.1497    0.2068    0.2446    0.2595    0.2500    0.2171    0.1639    0.0954    0.0725
   16.7000    0.0000    0.0771    0.1469    0.2030    0.2401    0.2547    0.2454    0.2131    0.1609    0.0936    0.0712
   16.7500    0.0000    0.0756    0.1442    0.1992    0.2356    0.2499    0.2408    0.2092    0.1579    0.0919    0.0698
   16.8000    0.0000    0.0742    0.1415    0.1955    0.2312    0.2453    0.2364    0.2053    0.1550    0.0902    0.0685
   16.8500    0.0000    0.0729    0.1389    0.1919    0.2269    0.2407    0.2320    0.2015    0.1521    0.0885    0.0673
   16.9000    0.0000    0.0715    0.1363    0.1883    0.2227    0.2363    0.2277    0.1977    0.1493    0.0868    0.0660
   16.9500    0.0000    0.0702    0.1338    0.1848    0.2186    0.2319    0.2234    0.1941    0.1465    0.0852    0.0648
   17.0000    0.0000    0.0689    0.1313    0.1814    0.2145    0.2276    0.2193    0.1905    0.1438    0.0836    0.0636
   17.0500    0.0000    0.0676    0.1289    0.1780    0.2106    0.2234    0.2152    0.1869    0.1411    0.0821    0.0624
   17.1000    0.0000    0.0663    0.1265    0.1747    0.2067    0.2192    0.2112    0.1835    0.1385    0.0806    0.0613
   17.1500    0.0000    0.0651    0.1241    0.1715    0.2028    0.2151    0.2073    0.1800    0.1359    0.0791    0.0601
   17.2000    0.0000    0.0639    0.1218    0.1683    0.1991    0.2111    0.2035    0.1767    0.1334    0.0776    0.0590
   17.2500    0.0000    0.0627    0.1196    0.1652    0.1954    0.2072    0.1997    0.1734    0.1309    0.0762    0.0579
   17.3000    0.0000    0.0615    0.1173    0.1621    0.1917    0.2034    0.1960    0.1702    0.1285    0.0748    0.0568
   17.3500    0.0000    0.0604    0.1152    0.1591    0.1882    0.1996    0.1923    0.1670    0.1261    0.0734    0.0558
   17.4000    0.0000    0.0593    0.1130    0.1562    0.1847    0.1959    0.1888    0.1639    0.1238    0.0720    0.0547
   17.4500    0.0000    0.0582    0.1109    0.1533    0.1813    0.1923    0.1853    0.1609    0.1215    0.0707    0.0537
   17.5000    0.0000    0.0571    0.1089    0.1504    0.1779    0.1887    0.1818    0.1579    0.1192    0.0694    0.0527
   17.5500    0.0000    0.0560    0.1068    0.1476    0.1746    0.1852    0.1784    0.1550    0.1170    0.0681    0.0518
   17.6000    0.0000    0.0550    0.1049    0.1449    0.1713    0.1818    0.1751    0.1521    0.1148    0.0668    0.0508
   17.6500    0.0000    0.0540    0.1029    0.1422    0.1682    0.1784    0.1719    0.1493    0.1127    0.0656    0.0499
   17.7000    0.0000    0.0530    0.1010    0.1396    0.1650    0.1751    0.1687    0.1465    0.1106    0.0643    0.0489
   17.7500    0.0000    0.0520    0.0991    0.1370    0.1620    0.1718    0.1656    0.1438    0.1086    0.0632    0.0480
   17.8000    0.0000    0.0510    0.0973    0.1344    0.1590    0.1686    0.1625    0.1411    0.1065    0.0620    0.0471
   17.8500    0.0000    0.0501    0.0955    0.1319    0.1560    0.1655    0.1595    0.1385    0.1046    0.0608    0.0463
   17.9000    0.0000    0.0492    0.0937    0.1295    0.1531    0.1624    0.1565    0.1359    0.1026    0.0597    0.0454
   17.9500    0.0000    0.0482    0.0920    0.1271    0.1503    0.1594    0.1536    0.1334    0.1007    0.0586    0.0446
   18.0000    0.0000    0.0473    0.0903    0.1247    0.1475    0.1565    0.1508    0.1309    0.0989    0.0575    0.0437
   18.0500    0.0000    0.0465    0.0886    0.1224    0.1448    0.1536    0.1480    0.1285    0.0970    0.0564    0.0429
   18.1000    0.0000    0.0456    0.0869    0.1201    0.1421    0.1507    0.1452    0.1261    0.0952    0.0554    0.0421
   18.1500    0.0000    0.0448    0.0853    0.1179    0.1394    0.1479    0.1425    0.1238    0.0934    0.0544    0.0413
   18.2000    0.0000    0.0439    0.0837    0.1157    0.1368    0.1452    0.1399    0.1215    0.0917    0.0534    0.0406
   18.2500    0.0000    0.0431    0.0822    0.1136    0.1343    0.1425    0.1373    0.1192    0.0900    0.0524    0.0398
   18.3000    0.0000    0.0423    0.0807    0.1115    0.1318    0.1398    0.1347    0.1170    0.0883    0.0514    0.0391
   18.3500    0.0000    0.0415    0.0792    0.1094    0.1294    0.1372    0.1322    0.1148    0.0867    0.0504    0.0384
   18.4000    0.0000    0.0408    0.0777    0.1074    0.1270    0.1347    0.1298    0.1127    0.0851    0.0495    0.0376
   18.4500    0.0000    0.0400    0.0763    0.1054    0.1246    0.1322    0.1274    0.1106    0.0835    0.0486    0.0369
   18.5000    0.0000    0.0393    0.0748    0.1034    0.1223    0.1297    0.1250    0.1086    0.0820    0.0477    0.0363
   18.5500    0.0000    0.0385    0.0735    0.1015    0.1200    0.1273    0.1227    0.1066    0.0804    0.0468    0.0356
   18.6000    0.0000    0.0378    0.0721    0.0996    0.1178    0.1250    0.1204    0.1046    0.0789    0.0459    0.0349
   18.6500    0.0000    0.0371    0.0708    0.0978    0.1156    0.1226    0.1182    0.1026    0.0775    0.0451    0.0343
   18.7000    0.0000    0.0364    0.0694    0.0959    0.1135    0.1204    0.1160    0.1007    0.0760    0.0442    0.0336
   18.7500    0.0000    0.0357    0.0681    0.0942    0.1114    0.1181    0.1138    0.0989    0.0746    0.0434    0.0330
   18.8000    0.0000    0.0351    0.0669    0.0924    0.1093    0.1159    0.1117    0.0970    0.0732    0.0426    0.0324
   18.8500    0.0000    0.0344    0.0656    0.0907    0.1073    0.1138    0.1096    0.0952    0.0719    0.0418    0.0318
   18.9000    0.0000    0.0338    0.0644    0.0890    0.1053    0.1117    0.1076    0.0935    0.0706    0.0410    0.0312
   18.9500    0.0000    0.0332    0.0632    0.0874    0.1033    0.1096    0.1056    0.0917    0.0692    0.0403    0.0306
   19.0000    0.0000    0.0326    0.0621    0.0857    0.1014    0.1076    0.1036    0.0900    0.0680    0.0395    0.0301
   19.0500    0.0000    0.0319    0.0609    0.0842    0.0995    0.1056    0.1017    0.0883    0.0667    0.0388    0.0295
   19.1000    0.0000    0.0314    0.0598    0.0826    0.0977    0.1036    0.0998    0.0867    0.0655    0.0381    0.0290
   19.1500    0.0000    0.0308    0.0587    0.0811    0.0959    0.1017    0.0980    0.0851    0.0642    0.0374    0.0284
   19.2000    0.0000    0.0302    0.0576    0.0796    0.0941    0.0998    0.0962    0.0835    0.0631    0.0367    0.0279
   19.2500    0.0000    0.0296    0.0565    0.0781    0.0923    0.0979    0.0944    0.0820    0.0619    0.0360    0.0274
   19.3000    0.0000    0.0291    0.0555    0.0766    0.0906    0.0961    0.0926    0.0804    0.0607    0.0353    0.0269
   19.3500    0.0000    0.0286    0.0544    0.0752    0.0889    0.0943    0.0909    0.0790    0.0596    0.0347    0.0264
   19.4000    0.0000    0.0280    0.0534    0.0738    0.0873    0.0926    0.0892    0.0775    0.0585    0.0340    0.0259
   19.4500    0.0000    0.0275    0.0524    0.0724    0.0857    0.0909    0.0876    0.0760    0.0574    0.0334    0.0254
   19.5000    0.0000    0.0270    0.0515    0.0711    0.0841    0.0892    0.0859    0.0746    0.0563    0.0328    0.0249
   19.5500    0.0000    0.0265    0.0505    0.0698    0.0825    0.0875    0.0843    0.0733    0.0553    0.0322    0.0245
   19.6000    0.0000    0.0260    0.0496    0.0685    0.0810    0.0859    0.0828    0.0719    0.0543    0.0316    0.0240
   19.6500    0.0000    0.0255    0.0486    0.0672    0.0795    0.0843    0.0812    0.0706    0.0533    0.0310    0.0236
   19.7000    0.0000    0.0250    0.0477    0.0660    0.0780    0.0827    0.0797    0.0692    0.0523    0.0304    0.0231
   19.7500    0.0000    0.0246    0.0469    0.0647    0.0766    0.0812    0.0783    0.0680    0.0513    0.0298    0.0227
   19.8000    0.0000    0.0241    0.0460    0.0635    0.0751    0.0797    0.0768    0.0667    0.0504    0.0293    0.0223
   19.8500    0.0000    0.0237    0.0451    0.0624    0.0737    0.0782    0.0754    0.0655    0.0494    0.0288    0.0219
   19.9000    0.0000    0.0232    0.0443    0.0612    0.0724    0.0768    0.0740    0.0642    0.0485    0.0282    0.0215
   19.9500    0.0000    0.0228    0.0435    0.0601    0.0710    0.0753    0.0726    0.0631    0.0476    0.0277    0.0211
   20.0000    0.0000    0.0224    0.0427    0.0589    0.0697    0.0739    0.0713    0.0619    0.0467    0.0272    0.0207
   20.0500    0.0000    0.0220    0.0419    0.0579    0.0684    0.0726    0.0699    0.0607    0.0459    0.0267    0.0203
   20.1000    0.0000    0.0216    0.0411    0.0568    0.0671    0.0712    0.0686    0.0596    0.0450    0.0262    0.0199
   20.1500    0.0000    0.0212    0.0403    0.0557    0.0659    0.0699    0.0674    0.0585    0.0442    0.0257    0.0195
   20.2000    0.0000    0.0208    0.0396    0.0547    0.0647    0.0686    0.0661    0.0574    0.0433    0.0252    0.0192
   20.2500    0.0000    0.0204    0.0388    0.0537    0.0635    0.0673    0.0649    0.0564    0.0425    0.0247    0.0188
   20.3000    0.0000    0.0200    0.0381    0.0527    0.0623    0.0661    0.0637    0.0553    0.0418    0.0243    0.0185
   20.3500    0.0000    0.0196    0.0374    0.0517    0.0611    0.0649    0.0625    0.0543    0.0410    0.0238    0.0181
   20.4000    0.0000    0.0193    0.0367    0.0507    0.0600    0.0637    0.0613    0.0533    0.0402    0.0234    0.0178
   20.4500    0.0000    0.0189    0.0360    0.0498    0.0589    0.0625    0.0602    0.0523    0.0395    0.0230    0.0175
   20.5000    0.0000    0.0186    0.0354    0.0489    0.0578    0.0613    0.0591    0.0513    0.0387    0.0225    0.0171
   20.5500    0.0000    0.0182    0.0347    0.0480    0.0567    0.0602    0.0580    0.0504    0.0380    0.0221    0.0168
   20.6000    0.0000    0.0179    0.0341    0.0471    0.0557    0.0591    0.0569    0.0494    0.0373    0.0217    0.0165
   20.6500    0.0000    0.0175    0.0334    0.0462    0.0546    0.0580    0.0559    0.0485    0.0366    0.0213    0.0162
   20.7000    0.0000    0.0172    0.0328    0.0453    0.0536    0.0569    0.0548    0.0476    0.0359    0.0209    0.0159
   20.7500    0.0000    0.0169    0.0322    0.0445    0.0526    0.0558    0.0538    0.0467    0.0353    0.0205    0.0156
   20.8000    0.0000    0.0166    0.0316    0.0437    0.0517    0.0548    0.0528    0.0459    0.0346    0.0201    0.0153
   20.8500    0.0000    0.0163    0.0310    0.0429    0.0507    0.0538    0.0518    0.0450    0.0340    0.0198    0.0150
   20.9000    0.0000    0.0160    0.0304    0.0421    0.0498    0.0528    0.0509    0.0442    0.0333    0.0194    0.0147
   20.9500    0.0000    0.0157    0.0299    0.0413    0.0488    0.0518    0.0499    0.0434    0.0327    0.0190    0.0145
   21.0000    0.0000    0.0154    0.0293    0.0405    0.0479    0.0508    0.0490    0.0425    0.0321    0.0187    0.0142
   21.0500    0.0000    0.0151    0.0288    0.0398    0.0470    0.0499    0.0481    0.0418    0.0315    0.0183    0.0139
   21.1000    0.0000    0.0148    0.0283    0.0390    0.0462    0.0490    0.0472    0.0410    0.0309    0.0180    0.0137
   21.1500    0.0000    0.0145    0.0277    0.0383    0.0453    0.0481    0.0463    0.0402    0.0304    0.0177    0.0134
   21.2000    0.0000    0.0143    0.0272    0.0376    0.0445    0.0472    0.0454    0.0395    0.0298    0.0173    0.0132
   21.2500    0.0000    0.0140    0.0267    0.0369    0.0436    0.0463    0.0446    0.0387    0.0292    0.0170    0.0129
   21.3000    0.0000    0.0137    0.0262    0.0362    0.0428    0.0454    0.0438    0.0380    0.0287    0.0167    0.0127
   21.3500    0.0000    0.0135    0.0257    0.0355    0.0420    0.0446    0.0430    0.0373    0.0282    0.0164    0.0125
   21.4000    0.0000    0.0132    0.0252    0.0349    0.0413    0.0438    0.0422    0.0366    0.0276    0.0161    0.0122
   21.4500    0.0000    0.0130    0.0248    0.0342    0.0405    0.0429    0.0414    0.0359    0.0271    0.0158    0.0120
   21.5000    0.0000    0.0128    0.0243    0.0336    0.0397    0.0422    0.0406    0.0353    0.0266    0.0155    0.0118
   21.5500    0.0000    0.0125    0.0239    0.0330    0.0390    0.0414    0.0399    0.0346    0.0261    0.0152    0.0116
   21.6000    0.0000    0.0123    0.0234    0.0324    0.0383    0.0406    0.0391    0.0340    0.0257    0.0149    0.0113
   21.6500    0.0000    0.0121    0.0230    0.0318    0.0376    0.0398    0.0384    0.0333    0.0252    0.0146    0.0111
   21.7000    0.0000    0.0118    0.0226    0.0312    0.0369    0.0391    0.0377    0.0327    0.0247    0.0144    0.0109
   21.7500    0.0000    0.0116    0.0221    0.0306    0.0362    0.0384    0.0370    0.0321    0.0243    0.0141    0.0107
   21.8000    0.0000    0.0114    0.0217    0.0300    0.0355    0.0377    0.0363    0.0315    0.0238    0.0138    0.0105
   21.8500    0.0000    0.0112    0.0213    0.0295    0.0349    0.0370    0.0356    0.0309    0.0234    0.0136    0.0103
   21.9000    0.0000    0.0110    0.0209    0.0289    0.0342    0.0363    0.0350    0.0304    0.0229    0.0133    0.0101
   21.9500    0.0000    0.0108    0.0205    0.0284    0.0336    0.0356    0.0343    0.0298    0.0225    0.0131    0.0100
   22.0000    0.0000    0.0106    0.0202    0.0279    0.0329    0.0349    0.0337    0.0292    0.0221    0.0128    0.0098
   22.0500    0.0000    0.0104    0.0198    0.0273    0.0323    0.0343    0.0331    0.0287    0.0217    0.0126    0.0096
   22.1000    0.0000    0.0102    0.0194    0.0268    0.0317    0.0337    0.0324    0.0282    0.0213    0.0124    0.0094
   22.1500    0.0000    0.0100    0.0191    0.0263    0.0311    0.0330    0.0318    0.0277    0.0209    0.0121    0.0092
   22.2000    0.0000    0.0098    0.0187    0.0258    0.0306    0.0324    0.0312    0.0271    0.0205    0.0119    0.0091
   22.2500    0.0000    0.0096    0.0184    0.0254    0.0300    0.0318    0.0307    0.0266    0.0201    0.0117    0.0089
   22.3000    0.0000    0.0095    0.0180    0.0249    0.0294    0.0312    0.0301    0.0261    0.0197    0.0115    0.0087
   22.3500    0.0000    0.0093    0.0177    0.0244    0.0289    0.0307    0.0295    0.0257    0.0194    0.0113    0.0086
   22.4000    0.0000    0.0091    0.0174    0.0240    0.0284    0.0301    0.0290    0.0252    0.0190    0.0111    0.0084
   22.4500    0.0000    0.0089    0.0170    0.0235    0.0278    0.0295    0.0285    0.0247    0.0187    0.0109    0.0083
   22.5000    0.0000    0.0088    0.0167    0.0231    0.0273    0.0290    0.0279    0.0243    0.0183    0.0107    0.0081
   22.5500    0.0000    0.0086    0.0164    0.0227    0.0268    0.0284    0.0274    0.0238    0.0180    0.0105    0.0079
   22.6000    0.0000    0.0084    0.0161    0.0223    0.0263    0.0279    0.0269    0.0234    0.0176    0.0103    0.0078
   22.6500    0.0000    0.0083    0.0158    0.0218    0.0258    0.0274    0.0264    0.0229    0.0173    0.0101    0.0077
   22.7000    0.0000    0.0081    0.0155    0.0214    0.0253    0.0269    0.0259    0.0225    0.0170    0.0099    0.0075
   22.7500    0.0000    0.0080    0.0152    0.0210    0.0249    0.0264    0.0254    0.0221    0.0167    0.0097    0.0074
   22.8000    0.0000    0.0078    0.0149    0.0206    0.0244    0.0259    0.0250    0.0217    0.0164    0.0095    0.0072
   22.8500    0.0000    0.0077    0.0147    0.0203    0.0240    0.0254    0.0245    0.0213    0.0161    0.0093    0.0071
   22.9000    0.0000    0.0075    0.0144    0.0199    0.0235    0.0249    0.0240    0.0209    0.0158    0.0092    0.0070
   22.9500    0.0000    0.0074    0.0141    0.0195    0.0231    0.0245    0.0236    0.0205    0.0155    0.0090    0.0068
   23.0000    0.0000    0.0073    0.0139    0.0192    0.0227    0.0240    0.0232    0.0201    0.0152    0.0088    0.0067
   23.0500    0.0000    0.0071    0.0136    0.0188    0.0222    0.0236    0.0227    0.0197    0.0149    0.0087    0.0066
   23.1000    0.0000    0.0070    0.0134    0.0184    0.0218    0.0231    0.0223    0.0194    0.0146    0.0085    0.0065
   23.1500    0.0000    0.0069    0.0131    0.0181    0.0214    0.0227    0.0219    0.0190    0.0144    0.0083    0.0063
   23.2000    0.0000    0.0067    0.0129    0.0178    0.0210    0.0223    0.0215    0.0187    0.0141    0.0082    0.0062
   23.2500    0.0000    0.0066    0.0126    0.0174    0.0206    0.0219    0.0211    0.0183    0.0138    0.0080    0.0061
   23.3000    0.0000    0.0065    0.0124    0.0171    0.0202    0.0215    0.0207    0.0180    0.0136    0.0079    0.0060
   23.3500    0.0000    0.0064    0.0122    0.0168    0.0199    0.0211    0.0203    0.0176    0.0133    0.0077    0.0059
   23.4000    0.0000    0.0063    0.0119    0.0165    0.0195    0.0207    0.0199    0.0173    0.0131    0.0076    0.0058
   23.4500    0.0000    0.0061    0.0117    0.0162    0.0191    0.0203    0.0196    0.0170    0.0128    0.0075    0.0057
   23.5000    0.0000    0.0060    0.0115    0.0159    0.0188    0.0199    0.0192    0.0167    0.0126    0.0073    0.0056
   23.5500    0.0000    0.0059    0.0113    0.0156    0.0184    0.0196    0.0188    0.0164    0.0124    0.0072    0.0055
   23.6000    0.0000    0.0058    0.0111    0.0153    0.0181    0.0192    0.0185    0.0161    0.0121    0.0071    0.0054
   23.6500    0.0000    0.0057    0.0109    0.0150    0.0178    0.0188    0.0181    0.0158    0.0119    0.0069    0.0053
   23.7000    0.0000    0.0056    0.0107    0.0147    0.0174    0.0185    0.0178    0.0155    0.0117    0.0068    0.0052
   23.7500    0.0000    0.0055    0.0105    0.0145    0.0171    0.0181    0.0175    0.0152    0.0115    0.0067    0.0051
   23.8000    0.0000    0.0054    0.0103    0.0142    0.0168    0.0178    0.0172    0.0149    0.0112    0.0065    0.0050
   23.8500    0.0000    0.0053    0.0101    0.0139    0.0165    0.0175    0.0168    0.0146    0.0110    0.0064    0.0049
   23.9000    0.0000    0.0052    0.0099    0.0137    0.0162    0.0171    0.0165    0.0144    0.0108    0.0063    0.0048
   23.9500    0.0000    0.0051    0.0097    0.0134    0.0159    0.0168    0.0162    0.0141    0.0106    0.0062    0.0047
   24.0000    0.0000    0.0050    0.0095    0.0132    0.0156    0.0165    0.0159    0.0138    0.0104    0.0061    0.0046
   24.0500    0.0000    0.0049    0.0094    0.0129    0.0153    0.0162    0.0156    0.0136    0.0102    0.0060    0.0045
   24.1000    0.0000    0.0048    0.0092    0.0127    0.0150    0.0159    0.0153    0.0133    0.0101    0.0058    0.0044
   24.1500    0.0000    0.0047    0.0090    0.0124    0.0147    0.0156    0.0150    0.0131    0.0099    0.0057    0.0044
   24.2000    0.0000    0.0046    0.0088    0.0122    0.0144    0.0153    0.0148    0.0128    0.0097    0.0056    0.0043
   24.2500    0.0000    0.0046    0.0087    0.0120    0.0142    0.0150    0.0145    0.0126    0.0095    0.0055    0.0042
   24.3000    0.0000    0.0045    0.0085    0.0118    0.0139    0.0148    0.0142    0.0124    0.0093    0.0054    0.0041
   24.3500    0.0000    0.0044    0.0084    0.0115    0.0137    0.0145    0.0140    0.0121    0.0092    0.0053    0.0040
   24.4000    0.0000    0.0043    0.0082    0.0113    0.0134    0.0142    0.0137    0.0119    0.0090    0.0052    0.0040
   24.4500    0.0000    0.0042    0.0081    0.0111    0.0132    0.0140    0.0134    0.0117    0.0088    0.0051    0.0039
   24.5000    0.0000    0.0041    0.0079    0.0109    0.0129    0.0137    0.0132    0.0115    0.0087    0.0050    0.0038
   24.5500    0.0000    0.0041    0.0078    0.0107    0.0127    0.0134    0.0130    0.0112    0.0085    0.0049    0.0038
   24.6000    0.0000    0.0040    0.0076    0.0105    0.0124    0.0132    0.0127    0.0110    0.0083    0.0048    0.0037
   24.6500    0.0000    0.0039    0.0075    0.0103    0.0122    0.0129    0.0125    0.0108    0.0082    0.0048    0.0036
   24.7000    0.0000    0.0038    0.0073    0.0101    0.0120    0.0127    0.0122    0.0106    0.0080    0.0047    0.0036
   24.7500    0.0000    0.0038    0.0072    0.0099    0.0118    0.0125    0.0120    0.0104    0.0079    0.0046    0.0035
   24.8000    0.0000    0.0037    0.0071    0.0098    0.0115    0.0122    0.0118    0.0102    0.0077    0.0045    0.0034
   24.8500    0.0000    0.0036    0.0069    0.0096    0.0113    0.0120    0.0116    0.0101    0.0076    0.0044    0.0034
   24.9000    0.0000    0.0036    0.0068    0.0094    0.0111    0.0118    0.0114    0.0099    0.0074    0.0043    0.0033
   24.9500    0.0000    0.0035    0.0067    0.0092    0.0109    0.0116    0.0111    0.0097    0.0073    0.0043    0.0032
   25.0000    0.0000    0.0034    0.0066    0.0091    0.0107    0.0114    0.0109    0.0095    0.0072    0.0042    0.0032
   25.0500    0.0000    0.0034    0.0064    0.0089    0.0105    0.0111    0.0107    0.0093    0.0070    0.0041    0.0031
   25.1000    0.0000    0.0033    0.0063    0.0087    0.0103    0.0109    0.0105    0.0092    0.0069    0.0040    0.0031
   25.1500    0.0000    0.0032    0.0062    0.0086    0.0101    0.0107    0.0103    0.0090    0.0068    0.0039    0.0030
   25.2000    0.0000    0.0032    0.0061    0.0084    0.0099    0.0105    0.0102    0.0088    0.0067    0.0039    0.0029
   25.2500    0.0000    0.0031    0.0060    0.0082    0.0097    0.0103    0.0100    0.0087    0.0065    0.0038    0.0029
   25.3000    0.0000    0.0031    0.0059    0.0081    0.0096    0.0101    0.0098    0.0085    0.0064    0.0037    0.0028
   25.3500    0.0000    0.0030    0.0057    0.0079    0.0094    0.0100    0.0096    0.0083    0.0063    0.0037    0.0028
   25.4000    0.0000    0.0030    0.0056    0.0078    0.0092    0.0098    0.0094    0.0082    0.0062    0.0036    0.0027
   25.4500    0.0000    0.0029    0.0055    0.0076    0.0090    0.0096    0.0092    0.0080    0.0061    0.0035    0.0027
   25.5000    0.0000    0.0028    0.0054    0.0075    0.0089    0.0094    0.0091    0.0079    0.0059    0.0035    0.0026
   25.5500    0.0000    0.0028    0.0053    0.0074    0.0087    0.0092    0.0089    0.0077    0.0058    0.0034    0.0026
   25.6000    0.0000    0.0027    0.0052    0.0072    0.0086    0.0091    0.0087    0.0076    0.0057    0.0033    0.0025
   25.6500    0.0000    0.0027    0.0051    0.0071    0.0084    0.0089    0.0086    0.0074    0.0056    0.0033    0.0025
   25.7000    0.0000    0.0026    0.0050    0.0070    0.0082    0.0087    0.0084    0.0073    0.0055    0.0032    0.0024
   25.7500    0.0000    0.0026    0.0049    0.0068    0.0081    0.0086    0.0083    0.0072    0.0054    0.0032    0.0024
   25.8000    0.0000    0.0025    0.0049    0.0067    0.0079    0.0084    0.0081    0.0070    0.0053    0.0031    0.0024
   25.8500    0.0000    0.0025    0.0048    0.0066    0.0078    0.0083    0.0080    0.0069    0.0052    0.0030    0.0023
   25.9000    0.0000    0.0025    0.0047    0.0065    0.0076    0.0081    0.0078    0.0068    0.0051    0.0030    0.0023
   25.9500    0.0000    0.0024    0.0046    0.0063    0.0075    0.0080    0.0077    0.0067    0.0050    0.0029    0.0022
   26.0000    0.0000    0.0024    0.0045    0.0062    0.0074    0.0078    0.0075    0.0065    0.0049    0.0029    0.0022
   26.0500    0.0000    0.0023    0.0044    0.0061    0.0072    0.0077    0.0074    0.0064    0.0048    0.0028    0.0021
   26.1000    0.0000    0.0023    0.0043    0.0060    0.0071    0.0075    0.0072    0.0063    0.0048    0.0028    0.0021
   26.1500    0.0000    0.0022    0.0043    0.0059    0.0070    0.0074    0.0071    0.0062    0.0047    0.0027    0.0021
   26.2000    0.0000    0.0022    0.0042    0.0058    0.0068    0.0072    0.0070    0.0061    0.0046    0.0027    0.0020
   26.2500    0.0000    0.0022    0.0041    0.0057    0.0067    0.0071    0.0069    0.0059    0.0045    0.0026    0.0020
   26.3000    0.0000    0.0021    0.0040    0.0056    0.0066    0.0070    0.0067    0.0058    0.0044    0.0026    0.0019
   26.3500    0.0000    0.0021    0.0040    0.0055    0.0065    0.0068    0.0066    0.0057    0.0043    0.0025    0.0019
   26.4000    0.0000    0.0020    0.0039    0.0054    0.0063    0.0067    0.0065    0.0056    0.0042    0.0025    0.0019
   26.4500    0.0000    0.0020    0.0038    0.0053    0.0062    0.0066    0.0064    0.0055    0.0042    0.0024    0.0018
   26.5000    0.0000    0.0020    0.0037    0.0052    0.0061    0.0065    0.0062    0.0054    0.0041    0.0024    0.0018
   26.5500    0.0000    0.0019    0.0037    0.0051    0.0060    0.0064    0.0061    0.0053    0.0040    0.0023    0.0018
   26.6000    0.0000    0.0019    0.0036    0.0050    0.0059    0.0062    0.0060    0.0052    0.0039    0.0023    0.0017
   26.6500    0.0000    0.0019    0.0035    0.0049    0.0058    0.0061    0.0059    0.0051    0.0039    0.0022    0.0017
   26.7000    0.0000    0.0018    0.0035    0.0048    0.0057    0.0060    0.0058    0.0050    0.0038    0.0022    0.0017
   26.7500    0.0000    0.0018    0.0034    0.0047    0.0056    0.0059    0.0057    0.0049    0.0037    0.0022    0.0016
   26.8000    0.0000    0.0018    0.0033    0.0046    0.0055    0.0058    0.0056    0.0048    0.0037    0.0021    0.0016
   26.8500    0.0000    0.0017    0.0033    0.0045    0.0054    0.0057    0.0055    0.0048    0.0036    0.0021    0.0016
   26.9000    0.0000    0.0017    0.0032    0.0044    0.0053    0.0056    0.0054    0.0047    0.0035    0.0020    0.0016
   26.9500    0.0000    0.0017    0.0032    0.0044    0.0052    0.0055    0.0053    0.0046    0.0035    0.0020    0.0015
   27.0000    0.0000    0.0016    0.0031    0.0043    0.0051    0.0054    0.0052    0.0045    0.0034    0.0020    0.0015
   27.0500    0.0000    0.0016    0.0030    0.0042    0.0050    0.0053    0.0051    0.0044    0.0033    0.0019    0.0015
   27.1000    0.0000    0.0016    0.0030    0.0041    0.0049    0.0052    0.0050    0.0043    0.0033    0.0019    0.0014
   27.1500    0.0000    0.0015    0.0029    0.0040    0.0048    0.0051    0.0049    0.0042    0.0032    0.0019    0.0014
   27.2000    0.0000    0.0015    0.0029    0.0040    0.0047    0.0050    0.0048    0.0042    0.0031    0.0018    0.0014
   27.2500    0.0000    0.0015    0.0028    0.0039    0.0046    0.0049    0.0047    0.0041    0.0031    0.0018    0.0014
   27.3000    0.0000    0.0015    0.0028    0.0038    0.0045    0.0048    0.0046    0.0040    0.0030    0.0018    0.0013
   27.3500    0.0000    0.0014    0.0027    0.0038    0.0044    0.0047    0.0045    0.0039    0.0030    0.0017    0.0013
   27.4000    0.0000    0.0014    0.0027    0.0037    0.0044    0.0046    0.0045    0.0039    0.0029    0.0017    0.0013
   27.4500    0.0000    0.0014    0.0026    0.0036    0.0043    0.0045    0.0044    0.0038    0.0029    0.0017    0.0013
   27.5000    0.0000    0.0013    0.0026    0.0035    0.0042    0.0045    0.0043    0.0037    0.0028    0.0016    0.0012
   27.5500    0.0000    0.0013    0.0025    0.0035    0.0041    0.0044    0.0042    0.0037    0.0028    0.0016    0.0012
   27.6000    0.0000    0.0013    0.0025    0.0034    0.0040    0.0043    0.0041    0.0036    0.0027    0.0016    0.0012
   27.6500    0.0000    0.0013    0.0024    0.0034    0.0040    0.0042    0.0041    0.0035    0.0027    0.0015    0.0012
   27.7000    0.0000    0.0012    0.0024    0.0033    0.0039    0.0041    0.0040    0.0035    0.0026    0.0015    0.0012
   27.7500    0.0000    0.0012    0.0023    0.0032    0.0038    0.0041    0.0039    0.0034    0.0026    0.0015    0.0011
   27.8000    0.0000    0.0012    0.0023    0.0032    0.0037    0.0040    0.0038    0.0033    0.0025    0.0015    0.0011
   27.8500    0.0000    0.0012    0.0023    0.0031    0.0037    0.0039    0.0038    0.0033    0.0025    0.0014    0.0011
   27.9000    0.0000    0.0012    0.0022    0.0031    0.0036    0.0038    0.0037    0.0032    0.0024    0.0014    0.0011
   27.9500    0.0000    0.0011    0.0022    0.0030    0.0035    0.0038    0.0036    0.0031    0.0024    0.0014    0.0011
   28.0000    0.0000    0.0011    0.0021    0.0029    0.0035    0.0037    0.0036    0.0031    0.0023    0.0014    0.0010
   28.0500    0.0000    0.0011    0.0021    0.0029    0.0034    0.0036    0.0035    0.0030    0.0023    0.0013    0.0010
   28.1000    0.0000    0.0011    0.0021    0.0028    0.0034    0.0036    0.0034    0.0030    0.0022    0.0013    0.0010
   28.1500    0.0000    0.0011    0.0020    0.0028    0.0033    0.0035    0.0034    0.0029    0.0022    0.0013    0.0010
   28.2000    0.0000    0.0010    0.0020    0.0027    0.0032    0.0034    0.0033    0.0029    0.0022    0.0013    0.0010
   28.2500    0.0000    0.0010    0.0019    0.0027    0.0032    0.0034    0.0032    0.0028    0.0021    0.0012    0.0009
   28.3000    0.0000    0.0010    0.0019    0.0026    0.0031    0.0033    0.0032    0.0028    0.0021    0.0012    0.0009
   28.3500    0.0000    0.0010    0.0019    0.0026    0.0031    0.0032    0.0031    0.0027    0.0020    0.0012    0.0009
   28.4000    0.0000    0.0010    0.0018    0.0025    0.0030    0.0032    0.0031    0.0027    0.0020    0.0012    0.0009
   28.4500    0.0000    0.0009    0.0018    0.0025    0.0029    0.0031    0.0030    0.0026    0.0020    0.0011    0.0009
   28.5000    0.0000    0.0009    0.0018    0.0024    0.0029    0.0031    0.0029    0.0026    0.0019    0.0011    0.0009
   28.5500    0.0000    0.0009    0.0017    0.0024    0.0028    0.0030    0.0029    0.0025    0.0019    0.0011    0.0008
   28.6000    0.0000    0.0009    0.0017    0.0023    0.0028    0.0029    0.0028    0.0025    0.0019    0.0011    0.0008
   28.6500    0.0000    0.0009    0.0017    0.0023    0.0027    0.0029    0.0028    0.0024    0.0018    0.0011    0.0008
   28.7000    0.0000    0.0009    0.0016    0.0023    0.0027    0.0028    0.0027    0.0024    0.0018    0.0010    0.0008
   28.7500    0.0000    0.0008    0.0016    0.0022    0.0026    0.0028    0.0027    0.0023    0.0018    0.0010    0.0008
   28.8000    0.0000    0.0008    0.0016    0.0022    0.0026    0.0027    0.0026    0.0023    0.0017    0.0010    0.0008
   28.8500    0.0000    0.0008    0.0015    0.0021    0.0025    0.0027    0.0026    0.0022    0.0017    0.0010    0.0007
   28.9000    0.0000    0.0008    0.0015    0.0021    0.0025    0.0026    0.0025    0.0022    0.0017    0.0010    0.0007
   28.9500    0.0000    0.0008    0.0015    0.0021    0.0024    0.0026    0.0025    0.0022    0.0016    0.0010    0.0007
   29.0000    0.0000    0.0008    0.0015    0.0020    0.0024    0.0025    0.0024    0.0021    0.0016    0.0009    0.0007
   29.0500    0.0000    0.0008    0.0014    0.0020    0.0023    0.0025    0.0024    0.0021    0.0016    0.0009    0.0007
   29.1000    0.0000    0.0007    0.0014    0.0019    0.0023    0.0024    0.0024    0.0020    0.0015    0.0009    0.0007
   29.1500    0.0000    0.0007    0.0014    0.0019    0.0023    0.0024    0.0023    0.0020    0.0015    0.0009    0.0007
   29.2000    0.0000    0.0007    0.0014    0.0019    0.0022    0.0024    0.0023    0.0020    0.0015    0.0009    0.0007
   29.2500    0.0000    0.0007    0.0013    0.0018    0.0022    0.0023    0.0022    0.0019    0.0015    0.0008    0.0006
   29.3000    0.0000    0.0007    0.0013    0.0018    0.0021    0.0023    0.0022    0.0019    0.0014    0.0008    0.0006
   29.3500    0.0000    0.0007    0.0013    0.0018    0.0021    0.0022    0.0021    0.0019    0.0014    0.0008    0.0006
   29.4000    0.0000    0.0007    0.0013    0.0017    0.0021    0.0022    0.0021    0.0018    0.0014    0.0008    0.0006
   29.4500    0.0000    0.0006    0.0012    0.0017    0.0020    0.0021    0.0021    0.0018    0.0014    0.0008    0.0006
   29.5000    0.0000    0.0006    0.0012    0.0017    0.0020    0.0021    0.0020    0.0018    0.0013    0.0008    0.0006
   29.5500    0.0000    0.0006    0.0012    0.0016    0.0019    0.0021    0.0020    0.0017    0.0013    0.0008    0.0006
   29.6000    0.0000    0.0006    0.0012    0.0016    0.0019    0.0020    0.0020    0.0017    0.0013    0.0007    0.0006
   29.6500    0.0000    0.0006    0.0011    0.0016    0.0019    0.0020    0.0019    0.0017    0.0013    0.0007    0.0006
   29.7000    0.0000    0.0006    0.0011    0.0016    0.0018    0.0020    0.0019    0.0016    0.0012    0.0007    0.0005
   29.7500    0.0000    0.0006    0.0011    0.0015    0.0018    0.0019    0.0018    0.0016    0.0012    0.0007    0.0005
   29.8000    0.0000    0.0006    0.0011    0.0015    0.0018    0.0019    0.0018    0.0016    0.0012    0.0007    0.0005
   29.8500    0.0000    0.0006    0.0011    0.0015    0.0017    0.0018    0.0018    0.0015    0.0012    0.0007    0.0005
   29.9000    0.0000    0.0005    0.0010    0.0014    0.0017    0.0018    0.0017    0.0015    0.0011    0.0007    0.0005
   29.9500    0.0000    0.0005    0.0010    0.0014    0.0017    0.0018    0.0017    0.0015    0.0011    0.0007    0.0005
   30.0000    0.0000    0.0005    0.0010    0.0014    0.0016    0.0017    0.0017    0.0015    0.0011    0.0006    0.0005
