# 500        0.500000   1.500000   2.500000   3.500000   4.500000   5.500000
  -6.00000    0.00000    0.00000    0.00000    0.00000    0.00000    0.00000
  -5.98799    0.00000    0.00000    0.00000    0.00000    0.00000    0.00000
  -5.97598    0.00000    0.00000    0.00000    0.00000    0.00000    0.00000
  -5.96396    0.00000    0.00000    0.00000    0.00000    0.00000    0.00000
  -5.95195    0.00000    0.00000    0.00000    0.00000    0.00000    0.00000
  -5.93994    0.00000    0.00000    0.00000    0.00000    0.00000    0.00000
  -5.92793    0.00000    0.00000    0.00000    0.00000    0.00000    0.00000
  -5.91592    0.00000    0.00000    0.00000    0.00000    0.00000    0.00000
  -5.90390    0.00000    0.00000    0.00000    0.00000    0.00000    0.00000
  -5.89189    0.00000    0.00000    0.00000    0.00000    0.00000    0.00000
  -5.87988    0.00000    0.00000    0.00000    0.00000    0.00000    0.00000
  -5.86787    0.00000    0.00000    0.00000    0.00000    0.00000    0.00000
  -5.85586    0.00000    0.00000    0.00000    0.00000    0.00000    0.00000
  -5.84384    0.00000    0.00000    0.00000    0.00000    0.00000    0.00000
  -5.83183    0.00000    0.00000    0.00000    0.00000    0.00000    0.00000
  -5.81982    0.00000    0.00000    0.00000    0.00000    0.00000    0.00000
  -5.80781    0.00000    0.00000    0.00000    0.00000    0.00000    0.00000
  -5.79580    0.00000    0.00000    0.00000    0.00000    0.00000    0.00000
  -5.78378    0.00000    0.00000    0.00000    0.00000    0.00000    0.00000
  -5.77177    0.00000    0.00000    0.00000    0.00000    0.00000    0.00000
  -5.75976    0.00000    0.00000    0.00000    0.00000    0.00000    0.00000
  -5.74775    0.00000    0.00000    0.00000    0.00000    0.00000    0.00000
  -5.73574    0.00000    0.00000    0.00000    0.00000    0.00000    0.00000
  -5.72372    0.00000    0.00000    0.00000    0.00000    0.00000    0.00000
  -5.71171    0.00000    0.00000    0.00000    0.00000    0.00000    0.00000
  -5.69970    0.00000    0.00000    0.00000    0.00000    0.00000    0.00000
  -5.68769    0.00000    0.00000    0.00000    0.00000    0.00000    0.00000
  -5.67568    0.00000    0.00000    0.00000    0.00000    0.00000    0.00000
  -5.66366    0.00000    0.00000    0.00000    0.00000    0.00000    0.00000
  -5.65165    0.00000    0.00000    0.00000    0.00000    0.00000    0.00000
  -5.63964    0.00000    0.00000    0.00000    0.00000    0.00000    0.00000
  -5.62763    0.00000    0.00000    0.00000    0.00000    0.00000    0.00000
  -5.61562    0.00000    0.00000    0.00000    0.00000    0.00000    0.00000
  -5.60360    0.00000    0.00000    0.00000    0.00000    0.00000    0.00000
  -5.59159    0.00000    0.00000    0.00000    0.00000    0.00000    0.00000
  -5.57958    0.00000    0.00000    0.00000    0.00000    0.00000    0.00000
  -5.56757    0.00000    0.00000    0.00000    0.00000    0.00000    0.00000
  -5.55556    0.00000    0.00000    0.00000    0.00000    0.00000    0.00000
  -5.54354    0.00000    0.00000    0.00000    0.00000    0.00000    0.00000
  -5.53153    0.00000    0.00000    0.00000    0.00000    0.00000    0.00000
  -5.51952    0.00000    0.00000    0.00000    0.00000    0.00000    0.00000
  -5.50751    0.00000    0.00000    0.00000    0.00000    0.00000    0.00000
  -5.49550    0.00000    0.00000    0.00000    0.00000    0.00000    0.00000
  -5.48348    0.00000    0.00000    0.00000    0.00000    0.00000    0.00000
  -5.47147    0.00000    0.00000    0.00000    0.00000    0.00000    0.00000
  -5.45946    0.00000    0.00000    0.00000    0.00000    0.00000    0.00000
  -5.44745    0.00000    0.00000    0.00000    0.00000    0.00000    0.00000
  -5.43544    0.00000    0.00000    0.00000    0.00000    0.00000    0.00000
  -5.42342    0.00000    0.00000    0.00000    0.00000    0.00000    0.00000
  -5.41141    0.00000    0.00000    0.00000    0.00000    0.00000    0.00000
  -5.39940    0.00000    0.00000    0.00000    0.00000    0.00000    0.00000
  -5.38739    0.00000    0.00000    0.00000    0.00000    0.00000    0.00000
  -5.37538    0.00000    0.00000    0.00000    0.00000    0.00000    0.00000
  -5.36336    0.00000    0.00000    0.00000    0.00000    0.00000    0.00000
  -5.35135    0.00000    0.00000    0.00000    0.00000    0.00000    0.00000
  -5.33934    0.00000    0.00000    0.00000    0.00000    0.00000    0.00000
  -5.32733    0.00000    0.00000    0.00000    0.00000    0.00000    0.00000
  -5.31532    0.00000    0.00000    0.00000    0.00000    0.00000    0.00000
  -5.30330    0.00000    0.00000    0.00000    0.00000    0.00000    0.00000
  -5.29129    0.00000    0.00000    0.00000    0.00000    0.00000    0.00000
  -5.27928    0.00000    0.00000    0.00000    0.00000    0.00000    0.00000
  -5.26727    0.00000    0.00000    0.00000    0.00000    0.00000    0.00000
  -5.25526    0.00000    0.00000    0.00000    0.00000    0.00000    0.00000
  -5.24324    0.00000    0.00000    0.00000    0.00000    0.00000    0.00000
  -5.23123    0.00000    0.00000    0.00000    0.00000    0.00000    0.00000
  -5.21922    0.00000    0.00000    0.00000    0.00000    0.00000    0.00000
  -5.20721    0.00000    0.00000    0.00000    0.00000    0.00000    0.00000
  -5.19520    0.00000    0.00000    0.00000    0.00000    0.00000    0.00000
  -5.18318    0.00000    0.00000    0.00000    0.00000    0.00000    0.00000
  -5.17117    0.00000    0.00000    0.00000    0.00000    0.00000    0.00000
  -5.15916    0.00000    0.00000    0.00000    0.00000    0.00000    0.00000
  -5.14715    0.00000    0.00000    0.00000    0.00000    0.00000    0.00000
  -5.13514    0.00000    0.00000    0.00000    0.00000    0.00000    0.00000
  -5.12312    0.00000    0.00000    0.00000    0.00000    0.00000    0.00000
  -5.11111    0.00000    0.00000    0.00000    0.00000    0.00000    0.00001
  -5.09910    0.00000    0.00000    0.00000    0.00000    0.00000    0.00001
  -5.08709    0.00000    0.00000    0.00000    0.00000    0.00000    0.00001
  -5.07508    0.00000    0.00000    0.00000    0.00000    0.00000    0.00001
  -5.06306    0.00000    0.00000    0.00000    0.00000    0.00000    0.00001
  -5.05105    0.00000    0.00000    0.00000    0.00000    0.00000    0.00001
  -5.03904    0.00000    0.00000    0.00000    0.00000    0.00000    0.00001
  -5.02703    0.00000    0.00000    0.00000    0.00000    0.00000    0.00001
  -5.01502    0.00000    0.00000    0.00000    0.00000    0.00000    0.00001
  -5.00300    0.00000    0.00000    0.00000    0.00000    0.00000    0.00001
  -4.99099    0.00000    0.00000    0.00000    0.00000    0.00000    0.00001
  -4.97898    0.00000    0.00000    0.00000    0.00000    0.00000    0.00002
  -4.96697    0.00000    0.00000    0.00000    0.00000    0.00000    0.00002
  -4.95495    0.00000    0.00000    0.00000    0.00000    0.00000    0.00002
  -4.94294    0.00000    0.00000    0.00000    0.00000    0.00000    0.00002
  -4.93093    0.00000    0.00000    0.00000    0.00000    0.00000    0.00002
  -4.91892    0.00000    0.00000    0.00000    0.00000    0.00000    0.00002
  -4.90691    0.00000    0.00000    0.00000    0.00000    0.00000    0.00003
  -4.89489    0.00000    0.00000    0.00000    0.00000    0.00000    0.00003
  -4.88288    0.00000    0.00000    0.00000    0.00000    0.00000    0.00003
  -4.87087    0.00000    0.00000    0.00000    0.00000    0.00000    0.00004
  -4.85886    0.00000    0.00000    0.00000    0.00000    0.00000    0.00004
  -4.84685    0.00000    0.00000    0.00000    0.00000    0.00001    0.00004
  -4.83483    0.00000    0.00000    0.00000    0.00000    0.00001    0.00005
  -4.82282    0.00000    0.00000    0.00000    0.00000    0.00001    0.00005
  -4.81081    0.00000    0.00000    0.00000    0.00000    0.00001    0.00006
  -4.79880    0.00000    0.00000    0.00000    0.00000    0.00001    0.00006
  -4.78679    0.00000    0.00000    0.00000    0.00000    0.00001    0.00007
  -4.77477    0.00000    0.00000    0.00000    0.00000    0.00001    0.00007
  -4.76276    0.00000    0.00000    0.00000    0.00000    0.00001    0.00008
  -4.75075    0.00000    0.00000    0.00000    0.00000    0.00001    0.00009
  -4.73874    0.00000    0.00000    0.00000    0.00000    0.00001    0.00009
  -4.72673    0.00000    0.00000    0.00000    0.00000    0.00001    0.00010
  -4.71471    0.00000    0.00000    0.00000    0.00000    0.00002    0.00011
  -4.70270    0.00000    0.00000    0.00000    0.00000    0.00002    0.00012
  -4.69069    0.00000    0.00000    0.00000    0.00000    0.00002    0.00013
  -4.67868    0.00000    0.00000    0.00000    0.00000    0.00002    0.00014
  -4.66667    0.00000    0.00000    0.00000    0.00000    0.00002    0.00016
  -4.65465    0.00000    0.00000    0.00000    0.00000    0.00002    0.00017
  -4.64264    0.00000    0.00000    0.00000    0.00000    0.00003    0.00018
  -4.63063    0.00000    0.00000    0.00000    0.00000    0.00003    0.00020
  -4.61862    0.00000    0.00000    0.00000    0.00000    0.00003    0.00022
  -4.60661    0.00000    0.00000    0.00000    0.00000    0.00003    0.00024
  -4.59459    0.00000    0.00000    0.00000    0.00000    0.00004    0.00025
  -4.58258    0.00000    0.00000    0.00000    0.00000    0.00004    0.00028
  -4.57057    0.00000    0.00000    0.00000    0.00001    0.00004    0.00030
  -4.55856    0.00000    0.00000    0.00000    0.00001    0.00005    0.00032
  -4.54655    0.00000    0.00000    0.00000    0.00001    0.00005    0.00035
  -4.53453    0.00000    0.00000    0.00000    0.00001    0.00006    0.00038
  -4.52252    0.00000    0.00000    0.00000    0.00001    0.00006    0.00041
  -4.51051    0.00000    0.00000    0.00000    0.00001    0.00007    0.00045
  -4.49850    0.00000    0.00000    0.00000    0.00001    0.00007    0.00048
  -4.48649    0.00000    0.00000    0.00000    0.00001    0.00008    0.00052
  -4.47447    0.00000    0.00000    0.00000    0.00001    0.00009    0.00056
  -4.46246    0.00000    0.00000    0.00000    0.00001    0.00010    0.00061
  -4.45045    0.00000    0.00000    0.00000    0.00001    0.00010    0.00066
  -4.43844    0.00000    0.00000    0.00000    0.00001    0.00011    0.00071
  -4.42643    0.00000    0.00000    0.00000    0.00001    0.00012    0.00077
  -4.41441    0.00000    0.00000    0.00000    0.00002    0.00013    0.00083
  -4.40240    0.00000    0.00000    0.00000    0.00002    0.00015    0.00089
  -4.39039    0.00000    0.00000    0.00000    0.00002    0.00016    0.00096
  -4.37838    0.00000    0.00000    0.00000    0.00002    0.00017    0.00103
  -4.36637    0.00000    0.00000    0.00000    0.00002    0.00019    0.00111
  -4.35435    0.00000    0.00000    0.00000    0.00003    0.00020    0.00120
  -4.34234    0.00000    0.00000    0.00000    0.00003    0.00022    0.00129
  -4.33033    0.00000    0.00000    0.00000    0.00003    0.00024    0.00139
  -4.31832    0.00000    0.00000    0.00000    0.00003    0.00026    0.00149
  -4.30631    0.00000    0.00000    0.00000    0.00004    0.00028    0.00160
  -4.29429    0.00000    0.00000    0.00000    0.00004    0.00030    0.00172
  -4.28228    0.00000    0.00000    0.00000    0.00004    0.00032    0.00185
  -4.27027    0.00000    0.00000    0.00000    0.00005    0.00035    0.00198
  -4.25826    0.00000    0.00000    0.00000    0.00005    0.00038    0.00213
  -4.24625    0.00000    0.00000    0.00001    0.00005    0.00041    0.00228
  -4.23423    0.00000    0.00000    0.00001    0.00006    0.00044    0.00245
  -4.22222    0.00000    0.00000    0.00001    0.00006    0.00048    0.00262
  -4.21021    0.00000    0.00000    0.00001    0.00007    0.00052    0.00281
  -4.19820    0.00000    0.00000    0.00001    0.00008    0.00056    0.00301
  -4.18619    0.00000    0.00000    0.00001    0.00008    0.00060    0.00322
  -4.17417    0.00000    0.00000    0.00001    0.00009    0.00065    0.00345
  -4.16216    0.00000    0.00000    0.00001    0.00010    0.00070    0.00368
  -4.15015    0.00000    0.00000    0.00001    0.00011    0.00075    0.00394
  -4.13814    0.00000    0.00000    0.00001    0.00011    0.00081    0.00421
  -4.12613    0.00000    0.00000    0.00001    0.00012    0.00087    0.00450
  -4.11411    0.00000    0.00000    0.00001    0.00014    0.00094    0.00480
  -4.10210    0.00000    0.00000    0.00001    0.00015    0.00101    0.00512
  -4.09009    0.00000    0.00000    0.00002    0.00016    0.00108    0.00546
  -4.07808    0.00000    0.00000    0.00002    0.00017    0.00117    0.00583
  -4.06607    0.00000    0.00000    0.00002    0.00019    0.00125    0.00621
  -4.05405    0.00000    0.00000    0.00002    0.00020    0.00134    0.00662
  -4.04204    0.00000    0.00000    0.00002    0.00022    0.00144    0.00705
  -4.03003    0.00000    0.00000    0.00002    0.00023    0.00155    0.00750
  -4.01802    0.00000    0.00000    0.00003    0.00025    0.00166    0.00798
  -4.00601    0.00000    0.00000    0.00003    0.00027    0.00178    0.00849
  -3.99399    0.00000    0.00000    0.00003    0.00030    0.00191    0.00902
  -3.98198    0.00000    0.00000    0.00003    0.00032    0.00205    0.00959
  -3.96997    0.00000    0.00000    0.00004    0.00034    0.00219    0.01019
  -3.95796    0.00000    0.00000    0.00004    0.00037    0.00235    0.01082
  -3.94595    0.00000    0.00000    0.00004    0.00040    0.00251    0.01148
  -3.93393    0.00000    0.00000    0.00005    0.00043    0.00269    0.01218
  -3.92192    0.00000    0.00000    0.00005    0.00047    0.00287    0.01291
  -3.90991    0.00000    0.00000    0.00006    0.00050    0.00307    0.01368
  -3.89790    0.00000    0.00000    0.00006    0.00054    0.00328    0.01450
  -3.88589    0.00000    0.00000    0.00007    0.00058    0.00350    0.01535
  -3.87387    0.00000    0.00001    0.00007    0.00063    0.00374    0.01625
  -3.86186    0.00000    0.00001    0.00008    0.00067    0.00399    0.01719
  -3.84985    0.00000    0.00001    0.00008    0.00072    0.00426    0.01818
  -3.83784    0.00000    0.00001    0.00009    0.00078    0.00454    0.01922
  -3.82583    0.00000    0.00001    0.00010    0.00084    0.00484    0.02031
  -3.81381    0.00000    0.00001    0.00011    0.00090    0.00516    0.02145
  -3.80180    0.00000    0.00001    0.00012    0.00096    0.00549    0.02264
  -3.78979    0.00000    0.00001    0.00013    0.00103    0.00585    0.02389
  -3.77778    0.00000    0.00001    0.00014    0.00111    0.00623    0.02520
  -3.76577    0.00000    0.00001    0.00015    0.00119    0.00662    0.02656
  -3.75375    0.00000    0.00001    0.00016    0.00128    0.00704    0.02799
  -3.74174    0.00000    0.00001    0.00017    0.00137    0.00749    0.02948
  -3.72973    0.00000    0.00001    0.00018    0.00147    0.00795    0.03103
  -3.71772    0.00000    0.00002    0.00020    0.00157    0.00845    0.03265
  -3.70571    0.00000    0.00002    0.00021    0.00168    0.00897    0.03434
  -3.69369    0.00000    0.00002    0.00023    0.00180    0.00952    0.03610
  -3.68168    0.00000    0.00002    0.00025    0.00192    0.01010    0.03793
  -3.66967    0.00000    0.00002    0.00027    0.00206    0.01071    0.03983
  -3.65766    0.00000    0.00002    0.00029    0.00220    0.01135    0.04182
  -3.64565    0.00000    0.00003    0.00031    0.00235    0.01202    0.04387
  -3.63363    0.00000    0.00003    0.00034    0.00251    0.01273    0.04601
  -3.62162    0.00000    0.00003    0.00036    0.00268    0.01348    0.04823
  -3.60961    0.00000    0.00003    0.00039    0.00286    0.01426    0.05053
  -3.59760    0.00000    0.00003    0.00042    0.00305    0.01508    0.05292
  -3.58559    0.00000    0.00004    0.00045    0.00325    0.01595    0.05539
  -3.57357    0.00000    0.00004    0.00048    0.00347    0.01685    0.05794
  -3.56156    0.00000    0.00004    0.00052    0.00370    0.01780    0.06059
  -3.54955    0.00000    0.00005    0.00056    0.00394    0.01880    0.06332
  -3.53754    0.00000    0.00005    0.00060    0.00420    0.01984    0.06614
  -3.52553    0.00000    0.00006    0.00064    0.00447    0.02093    0.06906
  -3.51351    0.00000    0.00006    0.00069    0.00475    0.02207    0.07207
  -3.50150    0.00000    0.00007    0.00074    0.00506    0.02326    0.07517
  -3.48949    0.00000    0.00007    0.00079    0.00538    0.02451    0.07836
  -3.47748    0.00000    0.00008    0.00085    0.00572    0.02581    0.08165
  -3.46547    0.00000    0.00008    0.00091    0.00607    0.02717    0.08503
  -3.45345    0.00000    0.00009    0.00097    0.00645    0.02859    0.08850
  -3.44144    0.00000    0.00010    0.00104    0.00685    0.03007    0.09207
  -3.42943    0.00000    0.00010    0.00112    0.00727    0.03162    0.09573
  -3.41742    0.00000    0.00011    0.00119    0.00771    0.03322    0.09948
  -3.40541    0.00001    0.00012    0.00128    0.00818    0.03490    0.10333
  -3.39339    0.00001    0.00013    0.00137    0.00867    0.03664    0.10726
  -3.38138    0.00001    0.00014    0.00146    0.00919    0.03845    0.11129
  -3.36937    0.00001    0.00015    0.00156    0.00973    0.04033    0.11541
  -3.35736    0.00001    0.00016    0.00167    0.01030    0.04229    0.11961
  -3.34535    0.00001    0.00017    0.00178    0.01091    0.04431    0.12390
  -3.33333    0.00001    0.00019    0.00190    0.01154    0.04642    0.12826
  -3.32132    0.00001    0.00020    0.00203    0.01220    0.04860    0.13271
  -3.30931    0.00001    0.00022    0.00216    0.01290    0.05087    0.13724
  -3.29730    0.00001    0.00023    0.00230    0.01363    0.05321    0.14184
  -3.28529    0.00001    0.00025    0.00246    0.01440    0.05564    0.14651
  -3.27327    0.00001    0.00027    0.00262    0.01521    0.05815    0.15125
  -3.26126    0.00001    0.00029    0.00279    0.01605    0.06074    0.15604
  -3.24925    0.00001    0.00031    0.00297    0.01694    0.06342    0.16090
  -3.23724    0.00002    0.00033    0.00316    0.01786    0.06619    0.16581
  -3.22523    0.00002    0.00036    0.00336    0.01883    0.06905    0.17077
  -3.21321    0.00002    0.00038    0.00357    0.01985    0.07199    0.17578
  -3.20120    0.00002    0.00041    0.00380    0.02091    0.07502    0.18082
  -3.18919    0.00002    0.00044    0.00404    0.02201    0.07815    0.18589
  -3.17718    0.00002    0.00047    0.00429    0.02317    0.08136    0.19099
  -3.16517    0.00003    0.00050    0.00456    0.02438    0.08467    0.19610
  -3.15315    0.00003    0.00054    0.00484    0.02564    0.08806    0.20123
  -3.14114    0.00003    0.00058    0.00514    0.02695    0.09155    0.20636
  -3.12913    0.00003    0.00062    0.00545    0.02832    0.09513    0.21149
  -3.11712    0.00003    0.00066    0.00578    0.02975    0.09880    0.21660
  -3.10511    0.00004    0.00071    0.00613    0.03123    0.10256    0.22170
  -3.09309    0.00004    0.00076    0.00649    0.03278    0.10641    0.22677
  -3.08108    0.00004    0.00081    0.00688    0.03439    0.11035    0.23180
  -3.06907    0.00005    0.00086    0.00728    0.03606    0.11437    0.23678
  -3.05706    0.00005    0.00092    0.00771    0.03780    0.11849    0.24171
  -3.04505    0.00005    0.00098    0.00816    0.03960    0.12268    0.24657
  -3.03303    0.00006    0.00105    0.00863    0.04148    0.12696    0.25135
  -3.02102    0.00006    0.00112    0.00913    0.04342    0.13132    0.25605
  -3.00901    0.00007    0.00119    0.00965    0.04544    0.13576    0.26065
  -2.99700    0.00007    0.00127    0.01020    0.04753    0.14028    0.26515
  -2.98498    0.00008    0.00136    0.01078    0.04969    0.14486    0.26953
  -2.97297    0.00008    0.00145    0.01138    0.05193    0.14952    0.27378
  -2.96096    0.00009    0.00154    0.01201    0.05425    0.15425    0.27789
  -2.94895    0.00009    0.00164    0.01267    0.05665    0.15903    0.28185
  -2.93694    0.00010    0.00175    0.01337    0.05912    0.16388    0.28565
  -2.92492    0.00011    0.00186    0.01410    0.06168    0.16878    0.28928
  -2.91291    0.00012    0.00198    0.01486    0.06432    0.17373    0.29273
  -2.90090    0.00012    0.00210    0.01566    0.06704    0.17873    0.29599
  -2.88889    0.00013    0.00224    0.01649    0.06985    0.18376    0.29904
  -2.87688    0.00014    0.00238    0.01736    0.07275    0.18884    0.30187
  -2.86486    0.00015    0.00252    0.01827    0.07572    0.19394    0.30448
  -2.85285    0.00016    0.00268    0.01923    0.07879    0.19906    0.30686
  -2.84084    0.00018    0.00285    0.02022    0.08194    0.20420    0.30899
  -2.82883    0.00019    0.00302    0.02126    0.08519    0.20935    0.31087
  -2.81682    0.00020    0.00321    0.02234    0.08851    0.21450    0.31248
  -2.80480    0.00022    0.00340    0.02347    0.09193    0.21965    0.31382
  -2.79279    0.00023    0.00361    0.02464    0.09544    0.22479    0.31487
  -2.78078    0.00025    0.00382    0.02587    0.09903    0.22991    0.31564
  -2.76877    0.00026    0.00405    0.02714    0.10271    0.23500    0.31611
  -2.75676    0.00028    0.00429    0.02847    0.10648    0.24006    0.31628
  -2.74474    0.00030    0.00455    0.02985    0.11033    0.24507    0.31614
  -2.73273    0.00032    0.00481    0.03129    0.11428    0.25003    0.31568
  -2.72072    0.00034    0.00509    0.03278    0.11830    0.25492    0.31490
  -2.70871    0.00037    0.00539    0.03433    0.12241    0.25975    0.31380
  -2.69670    0.00039    0.00570    0.03595    0.12660    0.26449    0.31236
  -2.68468    0.00042    0.00603    0.03762    0.13087    0.26915    0.31059
  -2.67267    0.00045    0.00637    0.03935    0.13523    0.27370    0.30849
  -2.66066    0.00048    0.00673    0.04115    0.13965    0.27815    0.30606
  -2.64865    0.00051    0.00711    0.04301    0.14416    0.28247    0.30329
  -2.63664    0.00054    0.00751    0.04494    0.14873    0.28667    0.30018
  -2.62462    0.00058    0.00792    0.04694    0.15337    0.29072    0.29675
  -2.61261    0.00061    0.00836    0.04901    0.15809    0.29463    0.29298
  -2.60060    0.00065    0.00882    0.05115    0.16286    0.29838    0.28889
  -2.58859    0.00069    0.00930    0.05336    0.16769    0.30195    0.28447
  -2.57658    0.00074    0.00980    0.05565    0.17258    0.30535    0.27974
  -2.56456    0.00079    0.01033    0.05801    0.17752    0.30855    0.27470
  -2.55255    0.00084    0.01088    0.06044    0.18251    0.31156    0.26935
  -2.54054    0.00089    0.01146    0.06296    0.18754    0.31436    0.26372
  -2.52853    0.00094    0.01207    0.06555    0.19261    0.31693    0.25780
  -2.51652    0.00100    0.01270    0.06822    0.19772    0.31928    0.25161
  -2.50450    0.00106    0.01336    0.07097    0.20285    0.32139    0.24516
  -2.49249    0.00113    0.01405    0.07380    0.20801    0.32325    0.23847
  -2.48048    0.00120    0.01477    0.07671    0.21318    0.32486    0.23154
  -2.46847    0.00127    0.01552    0.07971    0.21836    0.32620    0.22440
  -2.45646    0.00135    0.01631    0.08278    0.22355    0.32728    0.21705
  -2.44444    0.00143    0.01713    0.08595    0.22873    0.32807    0.20953
  -2.43243    0.00152    0.01799    0.08919    0.23391    0.32858    0.20183
  -2.42042    0.00161    0.01888    0.09252    0.23907    0.32879    0.19399
  -2.40841    0.00171    0.01981    0.09594    0.24420    0.32871    0.18603
  -2.39640    0.00181    0.02078    0.09943    0.24931    0.32833    0.17796
  -2.38438    0.00192    0.02178    0.10302    0.25438    0.32763    0.16980
  -2.37237    0.00203    0.02283    0.10668    0.25940    0.32663    0.16158
  -2.36036    0.00215    0.02392    0.11044    0.26436    0.32531    0.15332
  -2.34835    0.00227    0.02506    0.11427    0.26927    0.32367    0.14504
  -2.33634    0.00240    0.02624    0.11819    0.27410    0.32171    0.13677
  -2.32432    0.00254    0.02747    0.12219    0.27885    0.31942    0.12853
  -2.31231    0.00269    0.02874    0.12626    0.28351    0.31682    0.12035
  -2.30030    0.00284    0.03006    0.13042    0.28808    0.31389    0.11224
  -2.28829    0.00300    0.03143    0.13466    0.29254    0.31065    0.10424
  -2.27628    0.00317    0.03286    0.13898    0.29688    0.30708    0.09637
  -2.26426    0.00335    0.03433    0.14337    0.30110    0.30320    0.08865
  -2.25225    0.00354    0.03586    0.14783    0.30518    0.29901    0.08111
  -2.24024    0.00373    0.03745    0.15237    0.30912    0.29451    0.07377
  -2.22823    0.00394    0.03909    0.15697    0.31291    0.28970    0.06666
  -2.21622    0.00415    0.04079    0.16165    0.31653    0.28461    0.05980
  -2.20420    0.00438    0.04255    0.16638    0.31999    0.27922    0.05322
  -2.19219    0.00462    0.04437    0.17118    0.32326    0.27356    0.04693
  -2.18018    0.00487    0.04625    0.17604    0.32635    0.26763    0.04095
  -2.16817    0.00513    0.04820    0.18095    0.32924    0.26144    0.03532
  -2.15616    0.00540    0.05021    0.18591    0.33192    0.25500    0.03004
  -2.14414    0.00569    0.05228    0.19092    0.33439    0.24832    0.02514
  -2.13213    0.00599    0.05442    0.19598    0.33663    0.24142    0.02063
  -2.12012    0.00630    0.05663    0.20107    0.33864    0.23432    0.01653
  -2.10811    0.00663    0.05891    0.20620    0.34041    0.22701    0.01286
  -2.09610    0.00697    0.06126    0.21137    0.34194    0.21954    0.00963
  -2.08408    0.00733    0.06367    0.21656    0.34321    0.21190    0.00685
  -2.07207    0.00771    0.06617    0.22177    0.34421    0.20411    0.00453
  -2.06006    0.00810    0.06873    0.22699    0.34496    0.19620    0.00268
  -2.04805    0.00851    0.07137    0.23223    0.34542    0.18818    0.00131
  -2.03604    0.00893    0.07408    0.23747    0.34561    0.18008    0.00043
  -2.02402    0.00938    0.07686    0.24271    0.34552    0.17190    0.00002
  -2.01201    0.00985    0.07973    0.24795    0.34513    0.16368    0.00011
  -2.00000    0.01033    0.08267    0.25317    0.34445    0.15543    0.00069
  -1.98799    0.01084    0.08569    0.25837    0.34347    0.14718    0.00175
  -1.97598    0.01137    0.08878    0.26355    0.34220    0.13894    0.00329
  -1.96396    0.01192    0.09196    0.26869    0.34062    0.13075    0.00531
  -1.95195    0.01249    0.09521    0.27380    0.33873    0.12261    0.00779
  -1.93994    0.01309    0.09854    0.27885    0.33654    0.11456    0.01074
  -1.92793    0.01371    0.10195    0.28386    0.33405    0.10661    0.01412
  -1.91592    0.01436    0.10545    0.28880    0.33125    0.09879    0.01793
  -1.90390    0.01504    0.10902    0.29367    0.32814    0.09113    0.02216
  -1.89189    0.01574    0.11267    0.29847    0.32473    0.08364    0.02678
  -1.87988    0.01647    0.11640    0.30318    0.32102    0.07634    0.03178
  -1.86787    0.01723    0.12021    0.30780    0.31701    0.06926    0.03713
  -1.85586    0.01801    0.12409    0.31231    0.31271    0.06243    0.04281
  -1.84384    0.01883    0.12806    0.31672    0.30811    0.05585    0.04879
  -1.83183    0.01968    0.13210    0.32102    0.30324    0.04955    0.05505
  -1.81982    0.02057    0.13622    0.32519    0.29809    0.04356    0.06156
  -1.80781    0.02148    0.14041    0.32922    0.29266    0.03788    0.06829
  -1.79580    0.02243    0.14468    0.33312    0.28698    0.03255    0.07521
  -1.78378    0.02342    0.14903    0.33687    0.28104    0.02756    0.08229
  -1.77177    0.02444    0.15344    0.34046    0.27485    0.02295    0.08949
  -1.75976    0.02550    0.15793    0.34389    0.26844    0.01873    0.09678
  -1.74775    0.02660    0.16248    0.34714    0.26180    0.01490    0.10413
  -1.73574    0.02773    0.16710    0.35021    0.25495    0.01149    0.11150
  -1.72372    0.02891    0.17179    0.35310    0.24790    0.00851    0.11886
  -1.71171    0.03013    0.17654    0.35579    0.24066    0.00596    0.12617
  -1.69970    0.03139    0.18136    0.35827    0.23326    0.00386    0.13339
  -1.68769    0.03269    0.18623    0.36055    0.22569    0.00220    0.14049
  -1.67568    0.03404    0.19115    0.36261    0.21799    0.00101    0.14744
  -1.66366    0.03543    0.19614    0.36444    0.21016    0.00027    0.15420
  -1.65165    0.03687    0.20117    0.36604    0.20222    0.00000    0.16074
  -1.63964    0.03836    0.20625    0.36741    0.19419    0.00020    0.16703
  -1.62763    0.03989    0.21137    0.36853    0.18609    0.00086    0.17302
  -1.61562    0.04148    0.21654    0.36941    0.17793    0.00198    0.17870
  -1.60360    0.04311    0.22174    0.37003    0.16973    0.00356    0.18403
  -1.59159    0.04480    0.22698    0.37039    0.16152    0.00559    0.18898
  -1.57958    0.04654    0.23224    0.37049    0.15331    0.00806    0.19353
  -1.56757    0.04833    0.23754    0.37032    0.14511    0.01098    0.19766
  -1.55556    0.05018    0.24285    0.36988    0.13696    0.01431    0.20133
  -1.54354    0.05208    0.24818    0.36916    0.12887    0.01806    0.20454
  -1.53153    0.05404    0.25353    0.36817    0.12085    0.02220    0.20726
  -1.51952    0.05606    0.25889    0.36690    0.11294    0.02673    0.20948
  -1.50751    0.05814    0.26424    0.36534    0.10515    0.03161    0.21119
  -1.49550    0.06027    0.26960    0.36350    0.09750    0.03684    0.21236
  -1.48348    0.06247    0.27495    0.36138    0.09000    0.04240    0.21300
  -1.47147    0.06473    0.28029    0.35897    0.08269    0.04825    0.21310
  -1.45946    0.06705    0.28562    0.35627    0.07558    0.05439    0.21266
  -1.44745    0.06943    0.29092    0.35330    0.06869    0.06077    0.21168
  -1.43544    0.07187    0.29619    0.35004    0.06203    0.06738    0.21015
  -1.42342    0.07439    0.30143    0.34650    0.05563    0.07420    0.20809
  -1.41141    0.07696    0.30663    0.34268    0.04950    0.08118    0.20551
  -1.39940    0.07960    0.31178    0.33859    0.04366    0.08831    0.20241
  -1.38739    0.08231    0.31688    0.33423    0.03813    0.09555    0.19881
  -1.37538    0.08509    0.32193    0.32960    0.03292    0.10287    0.19473
  -1.36336    0.08794    0.32691    0.32471    0.02805    0.11024    0.19018
  -1.35135    0.09085    0.33182    0.31956    0.02353    0.11764    0.18519
  -1.33934    0.09384    0.33666    0.31417    0.01938    0.12502    0.17979
  -1.32733    0.09689    0.34141    0.30853    0.01560    0.13236    0.17399
  -1.31532    0.10002    0.34607    0.30266    0.01221    0.13962    0.16784
  -1.30330    0.10321    0.35063    0.29656    0.00922    0.14678    0.16135
  -1.29129    0.10648    0.35510    0.29024    0.00664    0.15381    0.15457
  -1.27928    0.10982    0.35945    0.28372    0.00447    0.16066    0.14753
  -1.26727    0.11323    0.36369    0.27700    0.00272    0.16731    0.14026
  -1.25526    0.11671    0.36780    0.27009    0.00140    0.17374    0.13280
  -1.24324    0.12027    0.37179    0.26300    0.00052    0.17990    0.12520
  -1.23123    0.12390    0.37564    0.25575    0.00006    0.18578    0.11749
  -1.21922    0.12760    0.37935    0.24835    0.00005    0.19135    0.10972
  -1.20721    0.13137    0.38291    0.24081    0.00046    0.19658    0.10192
  -1.19520    0.13522    0.38632    0.23314    0.00132    0.20145    0.09414
  -1.18318    0.13914    0.38957    0.22537    0.00260    0.20593    0.08641
  -1.17117    0.14313    0.39264    0.21749    0.00431    0.21000    0.07879
  -1.15916    0.14719    0.39555    0.20953    0.00645    0.21365    0.07132
  -1.14715    0.15133    0.39828    0.20150    0.00899    0.21685    0.06402
  -1.13514    0.15553    0.40082    0.19342    0.01195    0.21960    0.05696
  -1.12312    0.15981    0.40317    0.18530    0.01530    0.22186    0.05015
  -1.11111    0.16416    0.40533    0.17715    0.01904    0.22365    0.04365
  -1.09910    0.16857    0.40728    0.16901    0.02315    0.22493    0.03748
  -1.08709    0.17306    0.40903    0.16087    0.02762    0.22572    0.03169
  -1.07508    0.17761    0.41056    0.15277    0.03243    0.22599    0.02630
  -1.06306    0.18223    0.41188    0.14470    0.03757    0.22576    0.02134
  -1.05105    0.18692    0.41298    0.13670    0.04302    0.22501    0.01685
  -1.03904    0.19167    0.41386    0.12878    0.04876    0.22375    0.01284
  -1.02703    0.19649    0.41451    0.12095    0.05477    0.22199    0.00935
  -1.01502    0.20137    0.41492    0.11324    0.06104    0.21972    0.00639
  -1.00300    0.20631    0.41510    0.10565    0.06753    0.21697    0.00398
  -0.99099    0.21131    0.41504    0.09821    0.07423    0.21373    0.00212
  -0.97898    0.21637    0.41474    0.09093    0.08110    0.21003    0.00084
  -0.96697    0.22149    0.41419    0.08383    0.08814    0.20588    0.00014
  -0.95495    0.22666    0.41340    0.07693    0.09531    0.20130    0.00003
  -0.94294    0.23189    0.41236    0.07023    0.10258    0.19630    0.00049
  -0.93093    0.23717    0.41107    0.06376    0.10994    0.19091    0.00154
  -0.91892    0.24249    0.40953    0.05753    0.11734    0.18516    0.00317
  -0.90691    0.24787    0.40774    0.05155    0.12478    0.17906    0.00536
  -0.89489    0.25329    0.40570    0.04585    0.13221    0.17266    0.00811
  -0.88288    0.25876    0.40340    0.04042    0.13962    0.16597    0.01139
  -0.87087    0.26427    0.40085    0.03530    0.14697    0.15902    0.01519
  -0.85886    0.26982    0.39806    0.03047    0.15423    0.15185    0.01949
  -0.84685    0.27540    0.39501    0.02597    0.16139    0.14450    0.02425
  -0.83483    0.28102    0.39172    0.02180    0.16841    0.13699    0.02946
  -0.82282    0.28668    0.38818    0.01797    0.17527    0.12937    0.03507
  -0.81081    0.29236    0.38440    0.01449    0.18194    0.12166    0.04107
  -0.79880    0.29806    0.38038    0.01137    0.18839    0.11390    0.04740
  -0.78679    0.30380    0.37612    0.00861    0.19460    0.10613    0.05404
  -0.77477    0.30955    0.37163    0.00623    0.20056    0.09839    0.06094
  -0.76276    0.31532    0.36691    0.00422    0.20622    0.09072    0.06806
  -0.75075    0.32110    0.36197    0.00260    0.21158    0.08314    0.07535
  -0.73874    0.32690    0.35680    0.00137    0.21661    0.07570    0.08279
  -0.72673    0.33271    0.35142    0.00053    0.22129    0.06844    0.09031
  -0.71471    0.33852    0.34584    0.00008    0.22560    0.06138    0.09787
  -0.70270    0.34433    0.34005    0.00003    0.22953    0.05456    0.10543
  -0.69069    0.35014    0.33407    0.00037    0.23305    0.04802    0.11294
  -0.67868    0.35595    0.32790    0.00110    0.23617    0.04179    0.12035
  -0.66667    0.36175    0.32155    0.00223    0.23885    0.03590    0.12762
  -0.65465    0.36753    0.31503    0.00375    0.24109    0.03037    0.13471
  -0.64264    0.37331    0.30834    0.00565    0.24289    0.02523    0.14156
  -0.63063    0.37906    0.30150    0.00793    0.24423    0.02052    0.14815
  -0.61862    0.38479    0.29451    0.01059    0.24511    0.01624    0.15441
  -0.60661    0.39050    0.28738    0.01361    0.24552    0.01243    0.16033
  -0.59459    0.39617    0.28013    0.01700    0.24546    0.00910    0.16586
  -0.58258    0.40181    0.27275    0.02073    0.24493    0.00627    0.17096
  -0.57057    0.40742    0.26527    0.02480    0.24393    0.00395    0.17561
  -0.55856    0.41298    0.25769    0.02920    0.24246    0.00216    0.17977
  -0.54655    0.41850    0.25002    0.03391    0.24054    0.00090    0.18342
  -0.53453    0.42397    0.24228    0.03893    0.23815    0.00018    0.18654
  -0.52252    0.42939    0.23447    0.04424    0.23532    0.00001    0.18910
  -0.51051    0.43475    0.22661    0.04982    0.23206    0.00038    0.19109
  -0.49850    0.44005    0.21871    0.05567    0.22837    0.00129    0.19249
  -0.48649    0.44529    0.21077    0.06176    0.22426    0.00274    0.19330
  -0.47447    0.45046    0.20282    0.06807    0.21976    0.00472    0.19351
  -0.46246    0.45556    0.19486    0.07459    0.21488    0.00721    0.19312
  -0.45045    0.46058    0.18691    0.08131    0.20964    0.01022    0.19214
  -0.43844    0.46552    0.17897    0.08819    0.20406    0.01372    0.19055
  -0.42643    0.47038    0.17107    0.09523    0.19816    0.01770    0.18838
  -0.41441    0.47516    0.16321    0.10240    0.19196    0.02212    0.18564
  -0.40240    0.47984    0.15540    0.10969    0.18549    0.02698    0.18235
  -0.39039    0.48444    0.14766    0.11706    0.17877    0.03225    0.17852
  -0.37838    0.48893    0.14000    0.12451    0.17183    0.03790    0.17418
  -0.36637    0.49332    0.13243    0.13201    0.16469    0.04390    0.16935
  -0.35435    0.49761    0.12497    0.13953    0.15738    0.05022    0.16407
  -0.34234    0.50180    0.11762    0.14706    0.14994    0.05682    0.15836
  -0.33033    0.50587    0.11040    0.15458    0.14238    0.06368    0.15227
  -0.31832    0.50982    0.10332    0.16206    0.13475    0.07076    0.14583
  -0.30631    0.51366    0.09639    0.16949    0.12706    0.07802    0.13908
  -0.29429    0.51738    0.08962    0.17683    0.11935    0.08543    0.13206
  -0.28228    0.52098    0.08303    0.18408    0.11166    0.09294    0.12482
  -0.27027    0.52445    0.07662    0.19120    0.10401    0.10052    0.11741
  -0.25826    0.52779    0.07040    0.19819    0.09642    0.10813    0.10986
  -0.24625    0.53100    0.06440    0.20501    0.08894    0.11573    0.10223
  -0.23423    0.53407    0.05860    0.21165    0.08159    0.12327    0.09456
  -0.22222    0.53701    0.05304    0.21808    0.07440    0.13073    0.08690
  -0.21021    0.53980    0.04771    0.22430    0.06740    0.13806    0.07931
  -0.19820    0.54246    0.04262    0.23028    0.06062    0.14522    0.07182
  -0.18619    0.54497    0.03778    0.23601    0.05409    0.15218    0.06449
  -0.17417    0.54733    0.03321    0.24146    0.04782    0.15890    0.05736
  -0.16216    0.54955    0.02890    0.24663    0.04185    0.16535    0.05048
  -0.15015    0.55161    0.02487    0.25149    0.03620    0.17148    0.04389
  -0.13814    0.55353    0.02112    0.25604    0.03089    0.17728    0.03763
  -0.12613    0.55529    0.01767    0.26026    0.02594    0.18271    0.03174
  -0.11411    0.55689    0.01450    0.26413    0.02138    0.18773    0.02626
  -0.10210    0.55834    0.01164    0.26765    0.01722    0.19234    0.02123
  -0.09009    0.55963    0.00908    0.27080    0.01348    0.19649    0.01667
  -0.07808    0.56076    0.00684    0.27358    0.01017    0.20018    0.01261
  -0.06607    0.56173    0.00490    0.27598    0.00731    0.20337    0.00909
  -0.05405    0.56254    0.00329    0.27799    0.00491    0.20606    0.00612
  -0.04204    0.56319    0.00199    0.27961    0.00298    0.20822    0.00372
  -0.03003    0.56368    0.00102    0.28082    0.00152    0.20986    0.00190
  -0.01802    0.56401    0.00037    0.28164    0.00055    0.21095    0.00069
  -0.00601    0.56417    0.00004    0.28204    0.00006    0.21150    0.00008
   0.00601    0.56417    0.00004    0.28204    0.00006    0.21150    0.00008
   0.01802    0.56401    0.00037    0.28164    0.00055    0.21095    0.00069
   0.03003    0.56368    0.00102    0.28082    0.00152    0.20986    0.00190
   0.04204    0.56319    0.00199    0.27961    0.00298    0.20822    0.00372
   0.05405    0.56254    0.00329    0.27799    0.00491    0.20606    0.00612
   0.06607    0.56173    0.00490    0.27598    0.00731    0.20337    0.00909
   0.07808    0.56076    0.00684    0.27358    0.01017    0.20018    0.01261
   0.09009    0.55963    0.00908    0.27080    0.01348    0.19649    0.01667
   0.10210    0.55834    0.01164    0.26765    0.01722    0.19234    0.02123
   0.11411    0.55689    0.01450    0.26413    0.02138    0.18773    0.02626
   0.12613    0.55529    0.01767    0.26026    0.02594    0.18271    0.03174
   0.13814    0.55353    0.02112    0.25604    0.03089    0.17728    0.03763
   0.15015    0.55161    0.02487    0.25149    0.03620    0.17148    0.04389
   0.16216    0.54955    0.02890    0.24663    0.04185    0.16535    0.05048
   0.17417    0.54733    0.03321    0.24146    0.04782    0.15890    0.05736
   0.18619    0.54497    0.03778    0.23601    0.05409    0.15218    0.06449
   0.19820    0.54246    0.04262    0.23028    0.06062    0.14522    0.07182
   0.21021    0.53980    0.04771    0.22430    0.06740    0.13806    0.07931
   0.22222    0.53701    0.05304    0.21808    0.07440    0.13073    0.08690
   0.23423    0.53407    0.05860    0.21165    0.08159    0.12327    0.09456
   0.24625    0.53100    0.06440    0.20501    0.08894    0.11573    0.10223
   0.25826    0.52779    0.07040    0.19819    0.09642    0.10813    0.10986
   0.27027    0.52445    0.07662    0.19120    0.10401    0.10052    0.11741
   0.28228    0.52098    0.08303    0.18408    0.11166    0.09294    0.12482
   0.29429    0.51738    0.08962    0.17683    0.11935    0.08543    0.13206
   0.30631    0.51366    0.09639    0.16949    0.12706    0.07802    0.13908
   0.31832    0.50982    0.10332    0.16206    0.13475    0.07076    0.14583
   0.33033    0.50587    0.11040    0.15458    0.14238    0.06368    0.15227
   0.34234    0.50180    0.11762    0.14706    0.14994    0.05682    0.15836
   0.35435    0.49761    0.12497    0.13953    0.15738    0.05022    0.16407
   0.36637    0.49332    0.13243    0.13201    0.16469    0.04390    0.16935
   0.37838    0.48893    0.14000    0.12451    0.17183    0.03790    0.17418
   0.39039    0.48444    0.14766    0.11706    0.17877    0.03225    0.17852
   0.40240    0.47984    0.15540    0.10969    0.18549    0.02698    0.18235
   0.41441    0.47516    0.16321    0.10240    0.19196    0.02212    0.18564
   0.42643    0.47038    0.17107    0.09523    0.19816    0.01770    0.18838
   0.43844    0.46552    0.17897    0.08819    0.20406    0.01372    0.19055
   0.45045    0.46058    0.18691    0.08131    0.20964    0.01022    0.19214
   0.46246    0.45556    0.19486    0.07459    0.21488    0.00721    0.19312
   0.47447    0.45046    0.20282    0.06807    0.21976    0.00472    0.19351
   0.48649    0.44529    0.21077    0.06176    0.22426    0.00274    0.19330
   0.49850    0.44005    0.21871    0.05567    0.22837    0.00129    0.19249
   0.51051    0.43475    0.22661    0.04982    0.23206    0.00038    0.19109
   0.52252    0.42939    0.23447    0.04424    0.23532    0.00001    0.18910
   0.53453    0.42397    0.24228    0.03893    0.23815    0.00018    0.18654
   0.54655    0.41850    0.25002    0.03391    0.24054    0.00090    0.18342
   0.55856    0.41298    0.25769    0.02920    0.24246    0.00216    0.17977
   0.57057    0.40742    0.26527    0.02480    0.24393    0.00395    0.17561
   0.58258    0.40181    0.27275    0.02073    0.24493    0.00627    0.17096
   0.59459    0.39617    0.28013    0.01700    0.24546    0.00910    0.16586
   0.60661    0.39050    0.28738    0.01361    0.24552    0.01243    0.16033
   0.61862    0.38479    0.29451    0.01059    0.24511    0.01624    0.15441
   0.63063    0.37906    0.30150    0.00793    0.24423    0.02052    0.14815
   0.64264    0.37331    0.30834    0.00565    0.24289    0.02523    0.14156
   0.65465    0.36753    0.31503    0.00375    0.24109    0.03037    0.13471
   0.66667    0.36175    0.32155    0.00223    0.23885    0.03590    0.12762
   0.67868    0.35595    0.32790    0.00110    0.23617    0.04179    0.12035
   0.69069    0.35014    0.33407    0.00037    0.23305    0.04802    0.11294
   0.70270    0.34433    0.34005    0.00003    0.22953    0.05456    0.10543
   0.71471    0.33852    0.34584    0.00008    0.22560    0.06138    0.09787
   0.72673    0.33271    0.35142    0.00053    0.22129    0.06844    0.09031
   0.73874    0.32690    0.35680    0.00137    0.21661    0.07570    0.08279
   0.75075    0.32110    0.36197    0.00260    0.21158    0.08314    0.07535
   0.76276    0.31532    0.36691    0.00422    0.20622    0.09072    0.06806
   0.77477    0.30955    0.37163    0.00623    0.20056    0.09839    0.06094
   0.78679    0.30380    0.37612    0.00861    0.19460    0.10613    0.05404
   0.79880    0.29806    0.38038    0.01137    0.18839    0.11390    0.04740
   0.81081    0.29236    0.38440    0.01449    0.18194    0.12166    0.04107
   0.82282    0.28668    0.38818    0.01797    0.17527    0.12937    0.03507
   0.83483    0.28102    0.39172    0.02180    0.16841    0.13699    0.02946
   0.84685    0.27540    0.39501    0.02597    0.16139    0.14450    0.02425
   0.85886    0.26982    0.39806    0.03047    0.15423    0.15185    0.01949
   0.87087    0.26427    0.40085    0.03530    0.14697    0.15902    0.01519
   0.88288    0.25876    0.40340    0.04042    0.13962    0.16597    0.01139
   0.89489    0.25329    0.40570    0.04585    0.13221    0.17266    0.00811
   0.90691    0.24787    0.40774    0.05155    0.12478    0.17906    0.00536
   0.91892    0.24249    0.40953    0.05753    0.11734    0.18516    0.00317
   0.93093    0.23717    0.41107    0.06376    0.10994    0.19091    0.00154
   0.94294    0.23189    0.41236    0.07023    0.10258    0.19630    0.00049
   0.95495    0.22666    0.41340    0.07693    0.09531    0.20130    0.00003
   0.96697    0.22149    0.41419    0.08383    0.08814    0.20588    0.00014
   0.97898    0.21637    0.41474    0.09093    0.08110    0.21003    0.00084
   0.99099    0.21131    0.41504    0.09821    0.07423    0.21373    0.00212
   1.00300    0.20631    0.41510    0.10565    0.06753    0.21697    0.00398
   1.01502    0.20137    0.41492    0.11324    0.06104    0.21972    0.00639
   1.02703    0.19649    0.41451    0.12095    0.05477    0.22199    0.00935
   1.03904    0.19167    0.41386    0.12878    0.04876    0.22375    0.01284
   1.05105    0.18692    0.41298    0.13670    0.04302    0.22501    0.01685
   1.06306    0.18223    0.41188    0.14470    0.03757    0.22576    0.02134
   1.07508    0.17761    0.41056    0.15277    0.03243    0.22599    0.02630
   1.08709    0.17306    0.40903    0.16087    0.02762    0.22572    0.03169
   1.09910    0.16857    0.40728    0.16901    0.02315    0.22493    0.03748
   1.11111    0.16416    0.40533    0.17715    0.01904    0.22365    0.04365
   1.12312    0.15981    0.40317    0.18530    0.01530    0.22186    0.05015
   1.13514    0.15553    0.40082    0.19342    0.01195    0.21960    0.05696
   1.14715    0.15133    0.39828    0.20150    0.00899    0.21685    0.06402
   1.15916    0.14719    0.39555    0.20953    0.00645    0.21365    0.07132
   1.17117    0.14313    0.39264    0.21749    0.00431    0.21000    0.07879
   1.18318    0.13914    0.38957    0.22537    0.00260    0.20593    0.08641
   1.19520    0.13522    0.38632    0.23314    0.00132    0.20145    0.09414
   1.20721    0.13137    0.38291    0.24081    0.00046    0.19658    0.10192
   1.21922    0.12760    0.37935    0.24835    0.00005    0.19135    0.10972
   1.23123    0.12390    0.37564    0.25575    0.00006    0.18578    0.11749
   1.24324    0.12027    0.37179    0.26300    0.00052    0.17990    0.12520
   1.25526    0.11671    0.36780    0.27009    0.00140    0.17374    0.13280
   1.26727    0.11323    0.36369    0.27700    0.00272    0.16731    0.14026
   1.27928    0.10982    0.35945    0.28372    0.00447    0.16066    0.14753
   1.29129    0.10648    0.35510    0.29024    0.00664    0.15381    0.15457
   1.30330    0.10321    0.35063    0.29656    0.00922    0.14678    0.16135
   1.31532    0.10002    0.34607    0.30266    0.01221    0.13962    0.16784
   1.32733    0.09689    0.34141    0.30853    0.01560    0.13236    0.17399
   1.33934    0.09384    0.33666    0.31417    0.01938    0.12502    0.17979
   1.35135    0.09085    0.33182    0.31956    0.02353    0.11764    0.18519
   1.36336    0.08794    0.32691    0.32471    0.02805    0.11024    0.19018
   1.37538    0.08509    0.32193    0.32960    0.03292    0.10287    0.19473
   1.38739    0.08231    0.31688    0.33423    0.03813    0.09555    0.19881
   1.39940    0.07960    0.31178    0.33859    0.04366    0.08831    0.20241
   1.41141    0.07696    0.30663    0.34268    0.04950    0.08118    0.20551
   1.42342    0.07439    0.30143    0.34650    0.05563    0.07420    0.20809
   1.43544    0.07187    0.29619    0.35004    0.06203    0.06738    0.21015
   1.44745    0.06943    0.29092    0.35330    0.06869    0.06077    0.21168
   1.45946    0.06705    0.28562    0.35627    0.07558    0.05439    0.21266
   1.47147    0.06473    0.28029    0.35897    0.08269    0.04825    0.21310
   1.48348    0.06247    0.27495    0.36138    0.09000    0.04240    0.21300
   1.49550    0.06027    0.26960    0.36350    0.09750    0.03684    0.21236
   1.50751    0.05814    0.26424    0.36534    0.10515    0.03161    0.21119
   1.51952    0.05606    0.25889    0.36690    0.11294    0.02673    0.20948
   1.53153    0.05404    0.25353    0.36817    0.12085    0.02220    0.20726
   1.54354    0.05208    0.24818    0.36916    0.12887    0.01806    0.20454
   1.55556    0.05018    0.24285    0.36988    0.13696    0.01431    0.20133
   1.56757    0.04833    0.23754    0.37032    0.14511    0.01098    0.19766
   1.57958    0.04654    0.23224    0.37049    0.15331    0.00806    0.19353
   1.59159    0.04480    0.22698    0.37039    0.16152    0.00559    0.18898
   1.60360    0.04311    0.22174    0.37003    0.16973    0.00356    0.18403
   1.61562    0.04148    0.21654    0.36941    0.17793    0.00198    0.17870
   1.62763    0.03989    0.21137    0.36853    0.18609    0.00086    0.17302
   1.63964    0.03836    0.20625    0.36741    0.19419    0.00020    0.16703
   1.65165    0.03687    0.20117    0.36604    0.20222    0.00000    0.16074
   1.66366    0.03543    0.19614    0.36444    0.21016    0.00027    0.15420
   1.67568    0.03404    0.19115    0.36261    0.21799    0.00101    0.14744
   1.68769    0.03269    0.18623    0.36055    0.22569    0.00220    0.14049
   1.69970    0.03139    0.18136    0.35827    0.23326    0.00386    0.13339
   1.71171    0.03013    0.17654    0.35579    0.24066    0.00596    0.12617
   1.72372    0.02891    0.17179    0.35310    0.24790    0.00851    0.11886
   1.73574    0.02773    0.16710    0.35021    0.25495    0.01149    0.11150
   1.74775    0.02660    0.16248    0.34714    0.26180    0.01490    0.10413
   1.75976    0.02550    0.15793    0.34389    0.26844    0.01873    0.09678
   1.77177    0.02444    0.15344    0.34046    0.27485    0.02295    0.08949
   1.78378    0.02342    0.14903    0.33687    0.28104    0.02756    0.08229
   1.79580    0.02243    0.14468    0.33312    0.28698    0.03255    0.07521
   1.80781    0.02148    0.14041    0.32922    0.29266    0.03788    0.06829
   1.81982    0.02057    0.13622    0.32519    0.29809    0.04356    0.06156
   1.83183    0.01968    0.13210    0.32102    0.30324    0.04955    0.05505
   1.84384    0.01883    0.12806    0.31672    0.30811    0.05585    0.04879
   1.85586    0.01801    0.12409    0.31231    0.31271    0.06243    0.04281
   1.86787    0.01723    0.12021    0.30780    0.31701    0.06926    0.03713
   1.87988    0.01647    0.11640    0.30318    0.32102    0.07634    0.03178
   1.89189    0.01574    0.11267    0.29847    0.32473    0.08364    0.02678
   1.90390    0.01504    0.10902    0.29367    0.32814    0.09113    0.02216
   1.91592    0.01436    0.10545    0.28880    0.33125    0.09879    0.01793
   1.92793    0.01371    0.10195    0.28386    0.33405    0.10661    0.01412
   1.93994    0.01309    0.09854    0.27885    0.33654    0.11456    0.01074
   1.95195    0.01249    0.09521    0.27380    0.33873    0.12261    0.00779
   1.96396    0.01192    0.09196    0.26869    0.34062    0.13075    0.00531
   1.97598    0.01137    0.08878    0.26355    0.34220    0.13894    0.00329
   1.98799    0.01084    0.08569    0.25837    0.34347    0.14718    0.00175
   2.00000    0.01033    0.08267    0.25317    0.34445    0.15543    0.00069
   2.01201    0.00985    0.07973    0.24795    0.34513    0.16368    0.00011
   2.02402    0.00938    0.07686    0.24271    0.34552    0.17190    0.00002
   2.03604    0.00893    0.07408    0.23747    0.34561    0.18008    0.00043
   2.04805    0.00851    0.07137    0.23223    0.34542    0.18818    0.00131
   2.06006    0.00810    0.06873    0.22699    0.34496    0.19620    0.00268
   2.07207    0.00771    0.06617    0.22177    0.34421    0.20411    0.00453
   2.08408    0.00733    0.06367    0.21656    0.34321    0.21190    0.00685
   2.09610    0.00697    0.06126    0.21137    0.34194    0.21954    0.00963
   2.10811    0.00663    0.05891    0.20620    0.34041    0.22701    0.01286
   2.12012    0.00630    0.05663    0.20107    0.33864    0.23432    0.01653
   2.13213    0.00599    0.05442    0.19598    0.33663    0.24142    0.02063
   2.14414    0.00569    0.05228    0.19092    0.33439    0.24832    0.02514
   2.15616    0.00540    0.05021    0.18591    0.33192    0.25500    0.03004
   2.16817    0.00513    0.04820    0.18095    0.32924    0.26144    0.03532
   2.18018    0.00487    0.04625    0.17604    0.32635    0.26763    0.04095
   2.19219    0.00462    0.04437    0.17118    0.32326    0.27356    0.04693
   2.20420    0.00438    0.04255    0.16638    0.31999    0.27922    0.05322
   2.21622    0.00415    0.04079    0.16165    0.31653    0.28461    0.05980
   2.22823    0.00394    0.03909    0.15697    0.31291    0.28970    0.06666
   2.24024    0.00373    0.03745    0.15237    0.30912    0.29451    0.07377
   2.25225    0.00354    0.03586    0.14783    0.30518    0.29901    0.08111
   2.26426    0.00335    0.03433    0.14337    0.30110    0.30320    0.08865
   2.27628    0.00317    0.03286    0.13898    0.29688    0.30708    0.09637
   2.28829    0.00300    0.03143    0.13466    0.29254    0.31065    0.10424
   2.30030    0.00284    0.03006    0.13042    0.28808    0.31389    0.11224
   2.31231    0.00269    0.02874    0.12626    0.28351    0.31682    0.12035
   2.32432    0.00254    0.02747    0.12219    0.27885    0.31942    0.12853
   2.33634    0.00240    0.02624    0.11819    0.27410    0.32171    0.13677
   2.34835    0.00227    0.02506    0.11427    0.26927    0.32367    0.14504
   2.36036    0.00215    0.02392    0.11044    0.26436    0.32531    0.15332
   2.37237    0.00203    0.02283    0.10668    0.25940    0.32663    0.16158
   2.38438    0.00192    0.02178    0.10302    0.25438    0.32763    0.16980
   2.39640    0.00181    0.02078    0.09943    0.24931    0.32833    0.17796
   2.40841    0.00171    0.01981    0.09594    0.24420    0.32871    0.18603
   2.42042    0.00161    0.01888    0.09252    0.23907    0.32879    0.19399
   2.43243    0.00152    0.01799    0.08919    0.23391    0.32858    0.20183
   2.44444    0.00143    0.01713    0.08595    0.22873    0.32807    0.20953
   2.45646    0.00135    0.01631    0.08278    0.22355    0.32728    0.21705
   2.46847    0.00127    0.01552    0.07971    0.21836    0.32620    0.22440
   2.48048    0.00120    0.01477    0.07671    0.21318    0.32486    0.23154
   2.49249    0.00113    0.01405    0.07380    0.20801    0.32325    0.23847
   2.50450    0.00106    0.01336    0.07097    0.20285    0.32139    0.24516
   2.51652    0.00100    0.01270    0.06822    0.19772    0.31928    0.25161
   2.52853    0.00094    0.01207    0.06555    0.19261    0.31693    0.25780
   2.54054    0.00089    0.01146    0.06296    0.18754    0.31436    0.26372
   2.55255    0.00084    0.01088    0.06044    0.18251    0.31156    0.26935
   2.56456    0.00079    0.01033    0.05801    0.17752    0.30855    0.27470
   2.57658    0.00074    0.00980    0.05565    0.17258    0.30535    0.27974
   2.58859    0.00069    0.00930    0.05336    0.16769    0.30195    0.28447
   2.60060    0.00065    0.00882    0.05115    0.16286    0.29838    0.28889
   2.61261    0.00061    0.00836    0.04901    0.15809    0.29463    0.29298
   2.62462    0.00058    0.00792    0.04694    0.15337    0.29072    0.29675
   2.63664    0.00054    0.00751    0.04494    0.14873    0.28667    0.30018
   2.64865    0.00051    0.00711    0.04301    0.14416    0.28247    0.30329
   2.66066    0.00048    0.00673    0.04115    0.13965    0.27815    0.30606
   2.67267    0.00045    0.00637    0.03935    0.13523    0.27370    0.30849
   2.68468    0.00042    0.00603    0.03762    0.13087    0.26915    0.31059
   2.69670    0.00039    0.00570    0.03595    0.12660    0.26449    0.31236
   2.70871    0.00037    0.00539    0.03433    0.12241    0.25975    0.31380
   2.72072    0.00034    0.00509    0.03278    0.11830    0.25492    0.31490
   2.73273    0.00032    0.00481    0.03129    0.11428    0.25003    0.31568
   2.74474    0.00030    0.00455    0.02985    0.11033    0.24507    0.31614
   2.75676    0.00028    0.00429    0.02847    0.10648    0.24006    0.31628
   2.76877    0.00026    0.00405    0.02714    0.10271    0.23500    0.31611
   2.78078    0.00025    0.00382    0.02587    0.09903    0.22991    0.31564
   2.79279    0.00023    0.00361    0.02464    0.09544    0.22479    0.31487
   2.80480    0.00022    0.00340    0.02347    0.09193    0.21965    0.31382
   2.81682    0.00020    0.00321    0.02234    0.08851    0.21450    0.31248
   2.82883    0.00019    0.00302    0.02126    0.08519    0.20935    0.31087
   2.84084    0.00018    0.00285    0.02022    0.08194    0.20420    0.30899
   2.85285    0.00016    0.00268    0.01923    0.07879    0.19906    0.30686
   2.86486    0.00015    0.00252    0.01827    0.07572    0.19394    0.30448
   2.87688    0.00014    0.00238    0.01736    0.07275    0.18884    0.30187
   2.88889    0.00013    0.00224    0.01649    0.06985    0.18376    0.29904
   2.90090    0.00012    0.00210    0.01566    0.06704    0.17873    0.29599
   2.91291    0.00012    0.00198    0.01486    0.06432    0.17373    0.29273
   2.92492    0.00011    0.00186    0.01410    0.06168    0.16878    0.28928
   2.93694    0.00010    0.00175    0.01337    0.05912    0.16388    0.28565
   2.94895    0.00009    0.00164    0.01267    0.05665    0.15903    0.28185
   2.96096    0.00009    0.00154    0.01201    0.05425    0.15425    0.27789
   2.97297    0.00008    0.00145    0.01138    0.05193    0.14952    0.27378
   2.98498    0.00008    0.00136    0.01078    0.04969    0.14486    0.26953
   2.99700    0.00007    0.00127    0.01020    0.04753    0.14028    0.26515
   3.00901    0.00007    0.00119    0.00965    0.04544    0.13576    0.26065
   3.02102    0.00006    0.00112    0.00913    0.04342    0.13132    0.25605
   3.03303    0.00006    0.00105    0.00863    0.04148    0.12696    0.25135
   3.04505    0.00005    0.00098    0.00816    0.03960    0.12268    0.24657
   3.05706    0.00005    0.00092    0.00771    0.03780    0.11849    0.24171
   3.06907    0.00005    0.00086    0.00728    0.03606    0.11437    0.23678
   3.08108    0.00004    0.00081    0.00688    0.03439    0.11035    0.23180
   3.09309    0.00004    0.00076    0.00649    0.03278    0.10641    0.22677
   3.10511    0.00004    0.00071    0.00613    0.03123    0.10256    0.22170
   3.11712    0.00003    0.00066    0.00578    0.02975    0.09880    0.21660
   3.12913    0.00003    0.00062    0.00545    0.02832    0.09513    0.21149
   3.14114    0.00003    0.00058    0.00514    0.02695    0.09155    0.20636
   3.15315    0.00003    0.00054    0.00484    0.02564    0.08806    0.20123
   3.16517    0.00003    0.00050    0.00456    0.02438    0.08467    0.19610
   3.17718    0.00002    0.00047    0.00429    0.02317    0.08136    0.19099
   3.18919    0.00002    0.00044    0.00404    0.02201    0.07815    0.18589
   3.20120    0.00002    0.00041    0.00380    0.02091    0.07502    0.18082
   3.21321    0.00002    0.00038    0.00357    0.01985    0.07199    0.17578
   3.22523    0.00002    0.00036    0.00336    0.01883    0.06905    0.17077
   3.23724    0.00002    0.00033    0.00316    0.01786    0.06619    0.16581
   3.24925    0.00001    0.00031    0.00297    0.01694    0.06342    0.16090
   3.26126    0.00001    0.00029    0.00279    0.01605    0.06074    0.15604
   3.27327    0.00001    0.00027    0.00262    0.01521    0.05815    0.15125
   3.28529    0.00001    0.00025    0.00246    0.01440    0.05564    0.14651
   3.29730    0.00001    0.00023    0.00230    0.01363    0.05321    0.14184
   3.30931    0.00001    0.00022    0.00216    0.01290    0.05087    0.13724
   3.32132    0.00001    0.00020    0.00203    0.01220    0.04860    0.13271
   3.33333    0.00001    0.00019    0.00190    0.01154    0.04642    0.12826
   3.34535    0.00001    0.00017    0.00178    0.01091    0.04431    0.12390
   3.35736    0.00001    0.00016    0.00167    0.01030    0.04229    0.11961
   3.36937    0.00001    0.00015    0.00156    0.00973    0.04033    0.11541
   3.38138    0.00001    0.00014    0.00146    0.00919    0.03845    0.11129
   3.39339    0.00001    0.00013    0.00137    0.00867    0.03664    0.10726
   3.40541    0.00001    0.00012    0.00128    0.00818    0.03490    0.10333
   3.41742    0.00000    0.00011    0.00119    0.00771    0.03322    0.09948
   3.42943    0.00000    0.00010    0.00112    0.00727    0.03162    0.09573
   3.44144    0.00000    0.00010    0.00104    0.00685    0.03007    0.09207
   3.45345    0.00000    0.00009    0.00097    0.00645    0.02859    0.08850
   3.46547    0.00000    0.00008    0.00091    0.00607    0.02717    0.08503
   3.47748    0.00000    0.00008    0.00085    0.00572    0.02581    0.08165
   3.48949    0.00000    0.00007    0.00079    0.00538    0.02451    0.07836
   3.50150    0.00000    0.00007    0.00074    0.00506    0.02326    0.07517
   3.51351    0.00000    0.00006    0.00069    0.00475    0.02207    0.07207
   3.52553    0.00000    0.00006    0.00064    0.00447    0.02093    0.06906
   3.53754    0.00000    0.00005    0.00060    0.00420    0.01984    0.06614
   3.54955    0.00000    0.00005    0.00056    0.00394    0.01880    0.06332
   3.56156    0.00000    0.00004    0.00052    0.00370    0.01780    0.06059
   3.57357    0.00000    0.00004    0.00048    0.00347    0.01685    0.05794
   3.58559    0.00000    0.00004    0.00045    0.00325    0.01595    0.05539
   3.59760    0.00000    0.00003    0.00042    0.00305    0.01508    0.05292
   3.60961    0.00000    0.00003    0.00039    0.00286    0.01426    0.05053
   3.62162    0.00000    0.00003    0.00036    0.00268    0.01348    0.04823
   3.63363    0.00000    0.00003    0.00034    0.00251    0.01273    0.04601
   3.64565    0.00000    0.00003    0.00031    0.00235    0.01202    0.04387
   3.65766    0.00000    0.00002    0.00029    0.00220    0.01135    0.04182
   3.66967    0.00000    0.00002    0.00027    0.00206    0.01071    0.03983
   3.68168    0.00000    0.00002    0.00025    0.00192    0.01010    0.03793
   3.69369    0.00000    0.00002    0.00023    0.00180    0.00952    0.03610
   3.70571    0.00000    0.00002    0.00021    0.00168    0.00897    0.03434
   3.71772    0.00000    0.00002    0.00020    0.00157    0.00845    0.03265
   3.72973    0.00000    0.00001    0.00018    0.00147    0.00795    0.03103
   3.74174    0.00000    0.00001    0.00017    0.00137    0.00749    0.02948
   3.75375    0.00000    0.00001    0.00016    0.00128    0.00704    0.02799
   3.76577    0.00000    0.00001    0.00015    0.00119    0.00662    0.02656
   3.77778    0.00000    0.00001    0.00014    0.00111    0.00623    0.02520
   3.78979    0.00000    0.00001    0.00013    0.00103    0.00585    0.02389
   3.80180    0.00000    0.00001    0.00012    0.00096    0.00549    0.02264
   3.81381    0.00000    0.00001    0.00011    0.00090    0.00516    0.02145
   3.82583    0.00000    0.00001    0.00010    0.00084    0.00484    0.02031
   3.83784    0.00000    0.00001    0.00009    0.00078    0.00454    0.01922
   3.84985    0.00000    0.00001    0.00008    0.00072    0.00426    0.01818
   3.86186    0.00000    0.00001    0.00008    0.00067    0.00399    0.01719
   3.87387    0.00000    0.00001    0.00007    0.00063    0.00374    0.01625
   3.88589    0.00000    0.00000    0.00007    0.00058    0.00350    0.01535
   3.89790    0.00000    0.00000    0.00006    0.00054    0.00328    0.01450
   3.90991    0.00000    0.00000    0.00006    0.00050    0.00307    0.01368
   3.92192    0.00000    0.00000    0.00005    0.00047    0.00287    0.01291
   3.93393    0.00000    0.00000    0.00005    0.00043    0.00269    0.01218
   3.94595    0.00000    0.00000    0.00004    0.00040    0.00251    0.01148
   3.95796    0.00000    0.00000    0.00004    0.00037    0.00235    0.01082
   3.96997    0.00000    0.00000    0.00004    0.00034    0.00219    0.01019
   3.98198    0.00000    0.00000    0.00003    0.00032    0.00205    0.00959
   3.99399    0.00000    0.00000    0.00003    0.00030    0.00191    0.00902
   4.00601    0.00000    0.00000    0.00003    0.00027    0.00178    0.00849
   4.01802    0.00000    0.00000    0.00003    0.00025    0.00166    0.00798
   4.03003    0.00000    0.00000    0.00002    0.00023    0.00155    0.00750
   4.04204    0.00000    0.00000    0.00002    0.00022    0.00144    0.00705
   4.05405    0.00000    0.00000    0.00002    0.00020    0.00134    0.00662
   4.06607    0.00000    0.00000    0.00002    0.00019    0.00125    0.00621
   4.07808    0.00000    0.00000    0.00002    0.00017    0.00117    0.00583
   4.09009    0.00000    0.00000    0.00002    0.00016    0.00108    0.00546
   4.10210    0.00000    0.00000    0.00001    0.00015    0.00101    0.00512
   4.11411    0.00000    0.00000    0.00001    0.00014    0.00094    0.00480
   4.12613    0.00000    0.00000    0.00001    0.00012    0.00087    0.00450
   4.13814    0.00000    0.00000    0.00001    0.00011    0.00081    0.00421
   4.15015    0.00000    0.00000    0.00001    0.00011    0.00075    0.00394
   4.16216    0.00000    0.00000    0.00001    0.00010    0.00070    0.00368
   4.17417    0.00000    0.00000    0.00001    0.00009    0.00065    0.00345
   4.18619    0.00000    0.00000    0.00001    0.00008    0.00060    0.00322
   4.19820    0.00000    0.00000    0.00001    0.00008    0.00056    0.00301
   4.21021    0.00000    0.00000    0.00001    0.00007    0.00052    0.00281
   4.22222    0.00000    0.00000    0.00001    0.00006    0.00048    0.00262
   4.23423    0.00000    0.00000    0.00001    0.00006    0.00044    0.00245
   4.24625    0.00000    0.00000    0.00001    0.00005    0.00041    0.00228
   4.25826    0.00000    0.00000    0.00000    0.00005    0.00038    0.00213
   4.27027    0.00000    0.00000    0.00000    0.00005    0.00035    0.00198
   4.28228    0.00000    0.00000    0.00000    0.00004    0.00032    0.00185
   4.29429    0.00000    0.00000    0.00000    0.00004    0.00030    0.00172
   4.30631    0.00000    0.00000    0.00000    0.00004    0.00028    0.00160
   4.31832    0.00000    0.00000    0.00000    0.00003    0.00026    0.00149
   4.33033    0.00000    0.00000    0.00000    0.00003    0.00024    0.00139
   4.34234    0.00000    0.00000    0.00000    0.00003    0.00022    0.00129
   4.35435    0.00000    0.00000    0.00000    0.00003    0.00020    0.00120
   4.36637    0.00000    0.00000    0.00000    0.00002    0.00019    0.00111
   4.37838    0.00000    0.00000    0.00000    0.00002    0.00017    0.00103
   4.39039    0.00000    0.00000    0.00000    0.00002    0.00016    0.00096
   4.40240    0.00000    0.00000    0.00000    0.00002    0.00015    0.00089
   4.41441    0.00000    0.00000    0.00000    0.00002    0.00013    0.00083
   4.42643    0.00000    0.00000    0.00000    0.00001    0.00012    0.00077
   4.43844    0.00000    0.00000    0.00000    0.00001    0.00011    0.00071
   4.45045    0.00000    0.00000    0.00000    0.00001    0.00010    0.00066
   4.46246    0.00000    0.00000    0.00000    0.00001    0.00010    0.00061
   4.47447    0.00000    0.00000    0.00000    0.00001    0.00009    0.00056
   4.48649    0.00000    0.00000    0.00000    0.00001    0.00008    0.00052
   4.49850    0.00000    0.00000    0.00000    0.00001    0.00007    0.00048
   4.51051    0.00000    0.00000    0.00000    0.00001    0.00007    0.00045
   4.52252    0.00000    0.00000    0.00000    0.00001    0.00006    0.00041
   4.53453    0.00000    0.00000    0.00000    0.00001    0.00006    0.00038
   4.54655    0.00000    0.00000    0.00000    0.00001    0.00005    0.00035
   4.55856    0.00000    0.00000    0.00000    0.00001    0.00005    0.00032
   4.57057    0.00000    0.00000    0.00000    0.00001    0.00004    0.00030
   4.58258    0.00000    0.00000    0.00000    0.00000    0.00004    0.00028
   4.59459    0.00000    0.00000    0.00000    0.00000    0.00004    0.00025
   4.60661    0.00000    0.00000    0.00000    0.00000    0.00003    0.00024
   4.61862    0.00000    0.00000    0.00000    0.00000    0.00003    0.00022
   4.63063    0.00000    0.00000    0.00000    0.00000    0.00003    0.00020
   4.64264    0.00000    0.00000    0.00000    0.00000    0.00003    0.00018
   4.65465    0.00000    0.00000    0.00000    0.00000    0.00002    0.00017
   4.66667    0.00000    0.00000    0.00000    0.00000    0.00002    0.00016
   4.67868    0.00000    0.00000    0.00000    0.00000    0.00002    0.00014
   4.69069    0.00000    0.00000    0.00000    0.00000    0.00002    0.00013
   4.70270    0.00000    0.00000    0.00000    0.00000    0.00002    0.00012
   4.71471    0.00000    0.00000    0.00000    0.00000    0.00002    0.00011
   4.72673    0.00000    0.00000    0.00000    0.00000    0.00001    0.00010
   4.73874    0.00000    0.00000    0.00000    0.00000    0.00001    0.00009
   4.75075    0.00000    0.00000    0.00000    0.00000    0.00001    0.00009
   4.76276    0.00000    0.00000    0.00000    0.00000    0.00001    0.00008
   4.77477    0.00000    0.00000    0.00000    0.00000    0.00001    0.00007
   4.78679    0.00000    0.00000    0.00000    0.00000    0.00001    0.00007
   4.79880    0.00000    0.00000    0.00000    0.00000    0.00001    0.00006
   4.81081    0.00000    0.00000    0.00000    0.00000    0.00001    0.00006
   4.82282    0.00000    0.00000    0.00000    0.00000    0.00001    0.00005
   4.83483    0.00000    0.00000    0.00000    0.00000    0.00001    0.00005
   4.84685    0.00000    0.00000    0.00000    0.00000    0.00001    0.00004
   4.85886    0.00000    0.00000    0.00000    0.00000    0.00000    0.00004
   4.87087    0.00000    0.00000    0.00000    0.00000    0.00000    0.00004
   4.88288    0.00000    0.00000    0.00000    0.00000    0.00000    0.00003
   4.89489    0.00000    0.00000    0.00000    0.00000    0.00000    0.00003
   4.90691    0.00000    0.00000    0.00000    0.00000    0.00000    0.00003
   4.91892    0.00000    0.00000    0.00000    0.00000    0.00000    0.00002
   4.93093    0.00000    0.00000    0.00000    0.00000    0.00000    0.00002
   4.94294    0.00000    0.00000    0.00000    0.00000    0.00000    0.00002
   4.95495    0.00000    0.00000    0.00000    0.00000    0.00000    0.00002
   4.96697    0.00000    0.00000    0.00000    0.00000    0.00000    0.00002
   4.97898    0.00000    0.00000    0.00000    0.00000    0.00000    0.00002
   4.99099    0.00000    0.00000    0.00000    0.00000    0.00000    0.00001
   5.00300    0.00000    0.00000    0.00000    0.00000    0.00000    0.00001
   5.01502    0.00000    0.00000    0.00000    0.00000    0.00000    0.00001
   5.02703    0.00000    0.00000    0.00000    0.00000    0.00000    0.00001
   5.03904    0.00000    0.00000    0.00000    0.00000    0.00000    0.00001
   5.05105    0.00000    0.00000    0.00000    0.00000    0.00000    0.00001
   5.06306    0.00000    0.00000    0.00000    0.00000    0.00000    0.00001
   5.07508    0.00000    0.00000    0.00000    0.00000    0.00000    0.00001
   5.08709    0.00000    0.00000    0.00000    0.00000    0.00000    0.00001
   5.09910    0.00000    0.00000    0.00000    0.00000    0.00000    0.00001
   5.11111    0.00000    0.00000    0.00000    0.00000    0.00000    0.00001
   5.12312    0.00000    0.00000    0.00000    0.00000    0.00000    0.00000
   5.13514    0.00000    0.00000    0.00000    0.00000    0.00000    0.00000
   5.14715    0.00000    0.00000    0.00000    0.00000    0.00000    0.00000
   5.15916    0.00000    0.00000    0.00000    0.00000    0.00000    0.00000
   5.17117    0.00000    0.00000    0.00000    0.00000    0.00000    0.00000
   5.18318    0.00000    0.00000    0.00000    0.00000    0.00000    0.00000
   5.19520    0.00000    0.00000    0.00000    0.00000    0.00000    0.00000
   5.20721    0.00000    0.00000    0.00000    0.00000    0.00000    0.00000
   5.21922    0.00000    0.00000    0.00000    0.00000    0.00000    0.00000
   5.23123    0.00000    0.00000    0.00000    0.00000    0.00000    0.00000
   5.24324    0.00000    0.00000    0.00000    0.00000    0.00000    0.00000
   5.25526    0.00000    0.00000    0.00000    0.00000    0.00000    0.00000
   5.26727    0.00000    0.00000    0.00000    0.00000    0.00000    0.00000
   5.27928    0.00000    0.00000    0.00000    0.00000    0.00000    0.00000
   5.29129    0.00000    0.00000    0.00000    0.00000    0.00000    0.00000
   5.30330    0.00000    0.00000    0.00000    0.00000    0.00000    0.00000
   5.31532    0.00000    0.00000    0.00000    0.00000    0.00000    0.00000
   5.32733    0.00000    0.00000    0.00000    0.00000    0.00000    0.00000
   5.33934    0.00000    0.00000    0.00000    0.00000    0.00000    0.00000
   5.35135    0.00000    0.00000    0.00000    0.00000    0.00000    0.00000
   5.36336    0.00000    0.00000    0.00000    0.00000    0.00000    0.00000
   5.37538    0.00000    0.00000    0.00000    0.00000    0.00000    0.00000
   5.38739    0.00000    0.00000    0.00000    0.00000    0.00000    0.00000
   5.39940    0.00000    0.00000    0.00000    0.00000    0.00000    0.00000
   5.41141    0.00000    0.00000    0.00000    0.00000    0.00000    0.00000
   5.42342    0.00000    0.00000    0.00000    0.00000    0.00000    0.00000
   5.43544    0.00000    0.00000    0.00000    0.00000    0.00000    0.00000
   5.44745    0.00000    0.00000    0.00000    0.00000    0.00000    0.00000
   5.45946    0.00000    0.00000    0.00000    0.00000    0.00000    0.00000
   5.47147    0.00000    0.00000    0.00000    0.00000    0.00000    0.00000
   5.48348    0.00000    0.00000    0.00000    0.00000    0.00000    0.00000
   5.49550    0.00000    0.00000    0.00000    0.00000    0.00000    0.00000
   5.50751    0.00000    0.00000    0.00000    0.00000    0.00000    0.00000
   5.51952    0.00000    0.00000    0.00000    0.00000    0.00000    0.00000
   5.53153    0.00000    0.00000    0.00000    0.00000    0.00000    0.00000
   5.54354    0.00000    0.00000    0.00000    0.00000    0.00000    0.00000
   5.55556    0.00000    0.00000    0.00000    0.00000    0.00000    0.00000
   5.56757    0.00000    0.00000    0.00000    0.00000    0.00000    0.00000
   5.57958    0.00000    0.00000    0.00000    0.00000    0.00000    0.00000
   5.59159    0.00000    0.00000    0.00000    0.00000    0.00000    0.00000
   5.60360    0.00000    0.00000    0.00000    0.00000    0.00000    0.00000
   5.61562    0.00000    0.00000    0.00000    0.00000    0.00000    0.00000
   5.62763    0.00000    0.00000    0.00000    0.00000    0.00000    0.00000
   5.63964    0.00000    0.00000    0.00000    0.00000    0.00000    0.00000
   5.65165    0.00000    0.00000    0.00000    0.00000    0.00000    0.00000
   5.66366    0.00000    0.00000    0.00000    0.00000    0.00000    0.00000
   5.67568    0.00000    0.00000    0.00000    0.00000    0.00000    0.00000
   5.68769    0.00000    0.00000    0.00000    0.00000    0.00000    0.00000
   5.69970    0.00000    0.00000    0.00000    0.00000    0.00000    0.00000
   5.71171    0.00000    0.00000    0.00000    0.00000    0.00000    0.00000
   5.72372    0.00000    0.00000    0.00000    0.00000    0.00000    0.00000
   5.73574    0.00000    0.00000    0.00000    0.00000    0.00000    0.00000
   5.74775    0.00000    0.00000    0.00000    0.00000    0.00000    0.00000
   5.75976    0.00000    0.00000    0.00000    0.00000    0.00000    0.00000
   5.77177    0.00000    0.00000    0.00000    0.00000    0.00000    0.00000
   5.78378    0.00000    0.00000    0.00000    0.00000    0.00000    0.00000
   5.79580    0.00000    0.00000    0.00000    0.00000    0.00000    0.00000
   5.80781    0.00000    0.00000    0.00000    0.00000    0.00000    0.00000
   5.81982    0.00000    0.00000    0.00000    0.00000    0.00000    0.00000
   5.83183    0.00000    0.00000    0.00000    0.00000    0.00000    0.00000
   5.84384    0.00000    0.00000    0.00000    0.00000    0.00000    0.00000
   5.85586    0.00000    0.00000    0.00000    0.00000    0.00000    0.00000
   5.86787    0.00000    0.00000    0.00000    0.00000    0.00000    0.00000
   5.87988    0.00000    0.00000    0.00000    0.00000    0.00000    0.00000
   5.89189    0.00000    0.00000    0.00000    0.00000    0.00000    0.00000
   5.90390    0.00000    0.00000    0.00000    0.00000    0.00000    0.00000
   5.91592    0.00000    0.00000    0.00000    0.00000    0.00000    0.00000
   5.92793    0.00000    0.00000    0.00000    0.00000    0.00000    0.00000
   5.93994    0.00000    0.00000    0.00000    0.00000    0.00000    0.00000
   5.95195    0.00000    0.00000    0.00000    0.00000    0.00000    0.00000
   5.96396    0.00000    0.00000    0.00000    0.00000    0.00000    0.00000
   5.97598    0.00000    0.00000    0.00000    0.00000    0.00000    0.00000
   5.98799    0.00000    0.00000    0.00000    0.00000    0.00000    0.00000
   6.00000    0.00000    0.00000    0.00000    0.00000    0.00000    0.00000
