     Tiempo (s)   Velocidad_real (m/s)   Velocidad_ruido (m/s)
        0.00000             0.00000000              0.99342831
        0.10000             0.98100000              0.70447140
        0.20000             1.94667188              3.24204895
        0.30000             2.89725513              5.94331484
        0.40000             3.83298552              3.36467877
        0.50000             4.75409512              4.28582120
        0.60000             5.66081238              8.81923801
        0.70000             6.55336219              8.08823165
        0.80000             7.43196590              6.49301713
        0.90000             8.29684144              9.38196152
        1.00000             9.14820329              8.22136790
        1.10000             9.98626261              9.05480310
        1.20000            10.81122726             11.29515180
        1.30000            11.62330183              7.79674134
        1.40000            12.42268774              8.97285208
        1.50000            13.20958325             12.08500819
        1.60000            13.98418351             11.95852127
        1.70000            14.74668064             15.37517531
        1.80000            15.49726376             13.68121560
        1.90000            16.23611901             13.41151161
        2.00000            16.96342965             19.89472719
        2.10000            17.67937606             17.22782346
        2.20000            18.38413581             18.51919222
        2.30000            19.07788369             16.22838732
        2.40000            19.76079176             18.67202631
        2.50000            20.43302938             20.65487456
        2.60000            21.09476330             18.79277615
        2.70000            21.74615762             22.49755366
        2.80000            22.38737391             21.18609653
        2.90000            23.01857119             22.43518369
        3.00000            23.63990602             22.43649279
        3.10000            24.25153249             27.95608886
        3.20000            24.85360229             24.82660784
        3.30000            25.44626476             23.33084290
        3.40000            26.02966687             27.67475669
        3.50000            26.60395332             24.16226602
        3.60000            27.16926655             27.58699374
        3.70000            27.72574676             23.80640652
        3.80000            28.27353197             25.61715987
        3.90000            28.81275803             29.20648051
        4.00000            29.34355869             30.82049185
        4.10000            29.86606558             30.20880215
        4.20000            30.38040831             30.14911175
        4.30000            30.88671443             30.28450704
        4.40000            31.38510952             28.42806554
        4.50000            31.87571718             30.43602876
        4.60000            32.35865910             31.43738156
        4.70000            32.83405505             34.94829950
        4.80000            33.30202294             33.98925952
        4.90000            33.76267883             30.23659852
        5.00000            34.21613698             34.86430492
        5.10000            34.66250984             33.89234528
        5.20000            35.10190812             33.74806412
        5.30000            35.53444081             36.75779338
        5.40000            35.96021517             38.02221421
        5.50000            36.37933681             38.24189704
        5.60000            36.79190967             35.11347462
        5.70000            37.19803608             36.57961133
        5.80000            37.59781677             38.26034363
        5.90000            37.99135088             39.94244113
        6.00000            38.37873602             37.42038755
        6.10000            38.76006827             38.38875032
        6.20000            39.13544220             36.92277226
        6.30000            39.50495092             37.11253767
        6.40000            39.86868606             41.49373771
        6.50000            40.22673784             42.93921790
        6.60000            40.57919506             40.43517482
        6.70000            40.92614514             42.93321094
        6.80000            41.26767412             41.99094617
        6.90000            41.60386671             40.31362721
        7.00000            41.93480630             42.65759751
        7.10000            42.26057495             45.33664808
        7.20000            42.58125347             42.50960139
        7.30000            42.89692138             46.02620869
        7.40000            43.20765698             37.96816678
        7.50000            43.51353734             45.15734235
        7.60000            43.81463832             43.98873246
        7.70000            44.11103460             43.51301990
        7.80000            44.40279968             44.58632124
        7.90000            44.69000594             40.71486811
        8.00000            44.97272459             44.53338082
        8.10000            45.25102577             45.96525092
        8.20000            45.52497850             48.48076658
        8.30000            45.79465071             44.75811027
        8.40000            46.06010929             44.44312208
        8.50000            46.32142008             45.31790599
        8.60000            46.57864789             48.40945213
        8.70000            46.83185652             47.48935874
        8.80000            47.08110876             46.02158835
        8.90000            47.32646644             48.35300130
        9.00000            47.56799040             47.76214550
        9.10000            47.80574055             49.74303053
        9.20000            48.03977585             46.63566966
        9.30000            48.27015435             47.61483006
        9.40000            48.49693319             47.71271689
        9.50000            48.72016861             45.79313872
        9.60000            48.93991598             49.53215653
        9.70000            49.15622979             49.67834033
        9.80000            49.36916370             49.37939061
        9.90000            49.57877052             49.10959625
       10.00000            49.78510223             46.95436074
       10.10000            49.98821001             49.14691936
       10.20000            50.18814422             49.50271519
       10.30000            50.38495447             48.78039993
       10.40000            50.57868956             50.25611813
       10.50000            50.76939753             51.57749925
       10.60000            50.95712570             54.72949750
       10.70000            51.14192061             51.49107623
       10.80000            51.32382810             51.83892888
       10.90000            51.50289328             51.35400145
       11.00000            51.67916058             47.84161815
       11.10000            51.85267369             51.79964594
       11.20000            52.02347567             52.14393609
       11.30000            52.19160886             57.11809308
       11.40000            52.35711497             51.97239304
       11.50000            52.52003505             53.12312973
       11.60000            52.68040950             52.61098596
       11.70000            52.83827810             50.50092203
       11.80000            52.99368001             55.27932564
       11.90000            53.14665376             54.65051982
       12.00000            53.29723729             54.87930119
       12.10000            53.44546796             51.62669305
       12.20000            53.59138252             56.39697114
       12.30000            53.73501717             50.93131504
       12.40000            53.87640753             55.05012171
       12.50000            54.01558866             58.39649991
       12.60000            54.15259509             52.17152244
       12.70000            54.28746079             53.15486533
       12.80000            54.42021921             54.61952194
       12.90000            54.55090329             53.54395198
       13.00000            54.67954542             51.57821856
       13.10000            54.80617753             54.94330348
       13.20000            54.93083100             52.80622358
       13.30000            55.05353677             56.00072163
       13.40000            55.17432526             53.33547679
       13.50000            55.29322642             58.39309523
       13.60000            55.41026976             53.84376318
       13.70000            55.52548430             54.88136126
       13.80000            55.63889860             57.26593304
       13.90000            55.75054081             53.28881218
       14.00000            55.86043861             56.31535848
       14.10000            55.96861926             58.58290477
       14.20000            56.07510958             52.86014312
       14.30000            56.17993600             56.54920371
       14.40000            56.28312450             56.80289009
       14.50000            56.38470068             57.94834642
       14.60000            56.48468973             54.01078831
       14.70000            56.58311645             53.94220323
       14.80000            56.68000526             57.72388839
       14.90000            56.77538018             57.36934952
       15.00000            56.86926486             57.37025056
       15.10000            56.96168260             57.65457902
       15.20000            57.05265631             55.69260686
       15.30000            57.14220855             57.60671595
       15.40000            57.23036154             57.81650649
       15.50000            57.31713714             55.88843431
       15.60000            57.40255688             61.13410590
       15.70000            57.48664192             58.43430777
       15.80000            57.56941314             55.18680615
       15.90000            57.65089106             58.96399828
       16.00000            57.73109589             55.78173255
       16.10000            57.81004752             59.38421673
       16.20000            57.88776553             60.20495668
       16.30000            57.96426919             56.32290455
       16.40000            58.03957748             59.96632974
       16.50000            58.11370908             58.93927094
       16.60000            58.18668238             59.83080270
       16.70000            58.25851547             62.05210143
       16.80000            58.32922616             57.83844993
       16.90000            58.39883201             56.89135968
       17.00000            58.46735026             56.68832140
       17.10000            58.53479791             56.90317734
       17.20000            58.60119169             58.44698827
       17.30000            58.66654807             59.34885202
       17.40000            58.73088326             59.28426486
       17.50000            58.79421321             60.44857970
       17.60000            58.85655362             58.88255741
       17.70000            58.91791997             61.82498813
       17.80000            58.97832747             58.44901381
       17.90000            59.03779111             64.47812944
       18.00000            59.09632562             60.34766032
       18.10000            59.15394553             57.43963042
       18.20000            59.21066513             57.06888014
       18.30000            59.26649849             60.23144332
       18.40000            59.32145945             58.87453388
       18.50000            59.37556165             60.80356264
       18.60000            59.42881850             60.37529375
       18.70000            59.48124321             59.33558538
       18.80000            59.53284878             57.83926135
       18.90000            59.58364802             56.55395357
       19.00000            59.63365352             58.74062362
       19.10000            59.68287769             61.39567527
       19.20000            59.73133272             60.15952021
       19.30000            59.77903065             57.28755309
       19.40000            59.82598329             60.17234515
       19.50000            59.87220230             60.64283706
       19.60000            59.91769914             58.14998427
       19.70000            59.96248509             60.26993531
       19.80000            60.00657126             60.12298870
       19.90000            60.04996859             57.76402799
       20.00000            60.09268783             60.80826255
       20.10000            60.13473958             61.25630864
       20.20000            60.17613428             62.34223676
       20.30000            60.21688218             62.32448628
       20.40000            60.25699339             57.50165466
       20.50000            60.29647787             58.42082779
       20.60000            60.33534541             61.36541594
       20.70000            60.37360563             61.40117754
       20.80000            60.41126805             61.44136342
       20.90000            60.44834198             68.15380496
       21.00000            60.48483664             61.62661766
       21.10000            60.52076107             62.79189235
       21.20000            60.55612417             62.46412770
       21.30000            60.59093473             61.89371724
       21.40000            60.62520138             59.99466289
       21.50000            60.65893261             62.17687105
       21.60000            60.69213679             59.14648636
       21.70000            60.72482215             60.25118494
       21.80000            60.75699680             59.78626971
       21.90000            60.78866873             60.95241701
       22.00000            60.81984578             65.44916291
       22.10000            60.85053569             57.11600530
       22.20000            60.88074607             62.25326645
       22.30000            60.91048441             57.68505267
       22.40000            60.93975809             59.99589436
       22.50000            60.96857437             63.14647557
       22.60000            60.99694040             61.12550044
       22.70000            61.02486320             58.86937365
       22.80000            61.05234972             59.62174230
       22.90000            61.07940675             62.43860225
       23.00000            61.10604102             59.64530776
       23.10000            61.13225913             61.56517631
       23.20000            61.15806758             61.24921126
       23.30000            61.18347278             59.88027208
       23.40000            61.20848101             65.49636919
       23.50000            61.23309850             62.50093654
       23.60000            61.25733133             57.20704616
       23.70000            61.28118553             61.65409416
       23.80000            61.30466701             59.98109408
       23.90000            61.32778159             63.03264825
       24.00000            61.35053500             59.76549352
       24.10000            61.37293289             61.14346001
       24.20000            61.39498081             62.40495537
       24.30000            61.41668424             63.14819463
       24.40000            61.43804855             59.03745573
       24.50000            61.45907904             60.79007657
       24.60000            61.47978093             60.52989031
       24.70000            61.50015935             60.19350089
       24.80000            61.52021936             65.05112784
       24.90000            61.53996593             62.34992936
       25.00000            61.55940397             59.03763606
       25.10000            61.57853828             63.41426217
       25.20000            61.59737362             65.84168601
       25.30000            61.61591466             63.68084518
       25.40000            61.63416599             58.59542606
       25.50000            61.65213215             60.68366400
       25.60000            61.66981758             64.20363988
       25.70000            61.68722668             60.27188775
       25.80000            61.70436376             62.59200262
       25.90000            61.72123308             63.27050119
       26.00000            61.73783881             59.88397787
       26.10000            61.75418508             61.63513437
       26.20000            61.77027594             55.28774126
       26.30000            61.78611538             59.73734010
       26.40000            61.80170733             61.29657102
       26.50000            61.81705565             59.32148928
       26.60000            61.83216415             65.09698676
       26.70000            61.84703659             58.98675383
       26.80000            61.86167664             60.98158767
       26.90000            61.87608794             62.13756910
       27.00000            61.89027407             64.77282065
       27.10000            61.90423854             59.03251424
       27.20000            61.91798481             64.24431232
       27.30000            61.93151630             61.95198242
       27.40000            61.94483636             59.98181905
       27.50000            61.95794829             62.88215524
       27.60000            61.97085535             62.36897474
       27.70000            61.98356073             60.78312698
       27.80000            61.99606759             62.13567176
       27.90000            62.00837904             61.23775185
       28.00000            62.02049812             62.24753281
       28.10000            62.03242783             63.35668918
       28.20000            62.04417115             65.21620478
       28.30000            62.05573097             59.58009998
       28.40000            62.06711018             66.33317693
       28.50000            62.07831158             58.17413598
       28.60000            62.08933796             61.78576777
       28.70000            62.10019206             63.27682647
       28.80000            62.11087656             62.67286029
       28.90000            62.12139411             60.87599507
       29.00000            62.13174733             61.71550283
       29.10000            62.14193877             61.15593691
       29.20000            62.15197098             60.97324147
       29.30000            62.16184644             63.86105063
       29.40000            62.17156758             62.88559856
       29.50000            62.18113684             60.79531765
       29.60000            62.19055658             63.98975633
       29.70000            62.19982913             62.81442817
       29.80000            62.20895680             63.83468104
       29.90000            62.21794185             63.47719953
       30.00000            62.22678651             60.56879649
       30.10000            62.23549297             61.11513089
       30.20000            62.24406339             63.73865060
       30.30000            62.25249990             63.47324043
       30.40000            62.26080459             62.21900140
       30.50000            62.26897952             62.50363429
       30.60000            62.27702671             64.83235651
       30.70000            62.28494817             61.10180539
       30.80000            62.29274586             63.38694062
       30.90000            62.30042170             61.89603640
       31.00000            62.30797761             61.87261521
       31.10000            62.31541546             64.51296917
       31.20000            62.32273710             63.97356980
       31.30000            62.32994433             63.95696360
       31.40000            62.33703895             64.94799656
       31.50000            62.34402272             62.38603040
       31.60000            62.35089736             63.71480330
       31.70000            62.35766459             61.73713108
       31.80000            62.36432608             63.01265879
       31.90000            62.37088349             62.11059738
       32.00000            62.37733843             62.57133036
       32.10000            62.38369252             63.57400657
       32.20000            62.38994732             60.75350596
       32.30000            62.39610440             66.58087895
       32.40000            62.40216526             60.39013050
       32.50000            62.40813143             59.97975421
       32.60000            62.41400438             64.73022613
       32.70000            62.41978556             64.00311095
       32.80000            62.42547641             63.67371604
       32.90000            62.43107834             63.68776936
       33.00000            62.43659274             62.41209920
       33.10000            62.44202098             60.64751224
       33.20000            62.44736440             62.59897352
       33.30000            62.45262433             61.09830091
       33.40000            62.45780208             64.40804155
       33.50000            62.46289892             62.16878416
       33.60000            62.46791613             60.81692173
       33.70000            62.47285494             61.83008325
       33.80000            62.47771658             63.30357949
       33.90000            62.48250226             61.35505315
       34.00000            62.48721316             60.84277237
       34.10000            62.49185045             62.97922488
       34.20000            62.49641529             62.98634843
       34.30000            62.50090880             61.48702245
       34.40000            62.50533210             61.56325549
       34.50000            62.50968629             62.97378616
       34.60000            62.51397244             59.61780376
       34.70000            62.51819162             59.70326407
       34.80000            62.52234488             61.08545643
       34.90000            62.52643324             62.09953893
       35.00000            62.53045772             63.15227285
       35.10000            62.53441932             65.48513175
       35.20000            62.53831901             64.25363826
       35.30000            62.54215778             62.22228072
       35.40000            62.54593656             62.50790415
       35.50000            62.54965631             60.54459758
       35.60000            62.55331793             62.51629165
       35.70000            62.55692233             61.97960505
       35.80000            62.56047042             63.20590754
       35.90000            62.56396307             60.90950118
       36.00000            62.56740115             63.60609418
       36.10000            62.57078551             65.63626333
       36.20000            62.57411698             62.35659668
       36.30000            62.57739640             63.38081985
       36.40000            62.58062458             63.96091257
       36.50000            62.58380233             61.78136138
       36.60000            62.58693041             63.03511538
       36.70000            62.59000963             62.61519443
       36.80000            62.59304073             62.78839292
       36.90000            62.59602446             61.05000490
       37.00000            62.59896158             62.64798193
       37.10000            62.60185281             63.59784939
       37.20000            62.60469886             65.50698607
       37.30000            62.60750044             64.52604209
       37.40000            62.61025824             66.91662316
       37.50000            62.61297296             61.07827783
       37.60000            62.61564526             64.36028653
       37.70000            62.61827580             62.98495981
       37.80000            62.62086524             67.00047111
       37.90000            62.62341422             61.00681765
       38.00000            62.62592337             60.94647969
       38.10000            62.62839332             61.42960803
       38.20000            62.63082467             58.38303323
       38.30000            62.63321804             61.58170800
       38.40000            62.63557401             61.11730868
       38.50000            62.63789316             62.93868074
       38.60000            62.64017608             63.32368803
       38.70000            62.64242333             66.39476501
       38.80000            62.64463547             64.54548314
       38.90000            62.64681304             61.49300573
       39.00000            62.64895658             60.85212724
       39.10000            62.65106664             63.63490498
       39.20000            62.65314372             60.01267731
       39.30000            62.65518835             66.31810588
       39.40000            62.65720103             65.01608127
       39.50000            62.65918227             61.72083096
       39.60000            62.66113254             59.23486349
       39.70000            62.66305235             65.37079710
       39.80000            62.66494215             62.43586246
       39.90000            62.66680243             65.14243506
       40.00000            62.66863365             59.47977833
       40.10000            62.67043624             61.47168620
       40.20000            62.67221068             62.68269808
       40.30000            62.67395739             62.76791857
       40.40000            62.67567680             61.77554586
       40.50000            62.67736935             63.92306922
       40.60000            62.67903546             60.54379460
       40.70000            62.68067553             62.39591656
       40.80000            62.68228997             62.92288124
       40.90000            62.68387919             63.71275686
       41.00000            62.68544358             64.10867334
       41.10000            62.68698352             60.43769934
       41.20000            62.68849941             59.62027106
       41.30000            62.68999160             65.24534525
       41.40000            62.69146048             63.35608851
       41.50000            62.69290641             61.19593334
       41.60000            62.69432975             65.79663370
       41.70000            62.69573085             62.92708012
       41.80000            62.69711005             65.05570442
       41.90000            62.69846771             62.83350467
       42.00000            62.69980415             66.82130000
       42.10000            62.70111971             66.21180140
       42.20000            62.70241472             62.20448642
       42.30000            62.70368949             64.64683139
       42.40000            62.70494434             63.99569624
       42.50000            62.70617958             65.44344270
       42.60000            62.70739553             60.77754861
       42.70000            62.70859247             64.08069539
       42.80000            62.70977071             64.82661969
       42.90000            62.71093055             59.19345157
       43.00000            62.71207226             60.34555523
       43.10000            62.71319613             58.63473177
       43.20000            62.71430244             62.17548877
       43.30000            62.71539146             64.15047597
       43.40000            62.71646347             65.72117758
       43.50000            62.71751873             62.86570829
       43.60000            62.71855750             65.97578859
       43.70000            62.71958004             59.95937712
       43.80000            62.72058660             59.31382172
       43.90000            62.72157743             62.61048204
       44.00000            62.72255279             63.49068369
       44.10000            62.72351290             62.65812340
       44.20000            62.72445801             58.58957381
       44.30000            62.72538835             62.54714828
       44.40000            62.72630416             60.11736516
       44.50000            62.72720566             64.06655076
       44.60000            62.72809307             63.46128956
       44.70000            62.72896662             60.84920704
       44.80000            62.72982651             61.70209268
       44.90000            62.73067297             60.61224593
       45.00000            62.73150621             62.60614801
       45.10000            62.73232642             64.64261106
       45.20000            62.73313382             60.76168173
       45.30000            62.73392861             63.74202164
       45.40000            62.73471097             61.67419574
       45.50000            62.73548111             61.14973545
       45.60000            62.73623922             62.52217850
       45.70000            62.73698548             60.66650084
       45.80000            62.73772009             61.63042147
       45.90000            62.73844321             60.34268742
       46.00000            62.73915503             66.66860530
       46.10000            62.73985574             62.81038284
       46.20000            62.74054549             61.34109447
       46.30000            62.74122447             63.16918429
       46.40000            62.74189284             62.51723674
       46.50000            62.74255076             62.30061156
       46.60000            62.74319840             63.97153180
       46.70000            62.74383593             64.25885135
       46.80000            62.74446349             61.68346120
       46.90000            62.74508125             61.59344477
       47.00000            62.74568936             62.19558596
       47.10000            62.74628796             58.14244563
       47.20000            62.74687721             59.71649509
       47.30000            62.74745725             65.48120579
       47.40000            62.74802823             66.03796366
       47.50000            62.74859029             62.25051821
       47.60000            62.74914357             63.90225750
       47.70000            62.74968820             63.37218851
       47.80000            62.75022432             68.90798594
       47.90000            62.75075207             64.98990189
       48.00000            62.75127157             62.49543638
       48.10000            62.75178295             60.84070207
       48.20000            62.75228634             59.53939370
       48.30000            62.75278187             63.15970914
       48.40000            62.75326965             61.24056816
       48.50000            62.75374981             59.90924239
       48.60000            62.75422247             61.46107670
       48.70000            62.75468774             60.59159174
       48.80000            62.75514575             66.12942902
       48.90000            62.75559660             64.51887611
       49.00000            62.75604040             62.74009512
       49.10000            62.75647727             65.71636555
       49.20000            62.75690731             62.91164393
       49.30000            62.75733063             61.03476223
       49.40000            62.75774734             65.80399550
       49.50000            62.75815754             63.83597763
       49.60000            62.75856133             60.68406902
       49.70000            62.75895881             62.37828145
       49.80000            62.75935008             61.00811357
       49.90000            62.75973523             59.99413577
       50.00000            62.76011437             64.61246946
       50.10000            62.76048758             66.57932086
       50.20000            62.76085496             59.96371982
       50.30000            62.76121660             63.88715508
       50.40000            62.76157260             61.46028746
       50.50000            62.76192302             61.78767226
       50.60000            62.76226798             61.57748013
       50.70000            62.76260754             61.03462600
       50.80000            62.76294180             62.85998505
       50.90000            62.76327083             61.10137060
       51.00000            62.76359472             63.30450838
       51.10000            62.76391356             62.66343734
       51.20000            62.76422741             62.28633131
       51.30000            62.76453635             60.94940903
       51.40000            62.76484047             61.61129781
       51.50000            62.76513984             64.27592229
       51.60000            62.76543453             63.76726891
       51.70000            62.76572462             60.81061413
       51.80000            62.76601017             62.96467478
       51.90000            62.76629126             64.26906551
       52.00000            62.76656796             59.42775740
       52.10000            62.76684034             63.85356072
       52.20000            62.76710845             61.44186094
       52.30000            62.76737239             63.90856972
       52.40000            62.76763219             61.24111388
       52.50000            62.76788794             59.15812374
       52.60000            62.76813969             59.51305481
       52.70000            62.76838751             62.86455740
       52.80000            62.76863145             63.28807646
       52.90000            62.76887159             60.96023834
       53.00000            62.76910797             64.04629288
       53.10000            62.76934066             59.44630053
       53.20000            62.76956971             62.63741011
       53.30000            62.76979518             60.34776278
       53.40000            62.77001713             61.46634492
       53.50000            62.77023561             62.86503296
       53.60000            62.77045068             61.04962395
       53.70000            62.77066239             62.00155130
       53.80000            62.77087079             64.78345641
       53.90000            62.77107593             61.61729220
       54.00000            62.77127787             64.44266210
       54.10000            62.77147666             60.51206295
       54.20000            62.77167233             63.83128069
       54.30000            62.77186495             65.65500219
       54.40000            62.77205456             57.82876556
       54.50000            62.77224121             61.17845070
       54.60000            62.77242494             63.92656920
       54.70000            62.77260580             62.36651503
       54.80000            62.77278384             63.51507558
       54.90000            62.77295909             61.56498872
       55.00000            62.77313160             62.94631118
       55.10000            62.77330142             62.46194695
       55.20000            62.77346859             65.10903271
       55.30000            62.77363314             63.28247483
       55.40000            62.77379512             63.44900045
       55.50000            62.77395457             61.95020064
       55.60000            62.77411153             61.79889909
       55.70000            62.77426604             61.90914967
       55.80000            62.77441813             63.56332242
       55.90000            62.77456785             61.93259889
       56.00000            62.77471523             63.35426494
       56.10000            62.77486030             66.92566190
       56.20000            62.77500311             64.51725252
       56.30000            62.77514369             62.12309662
       56.40000            62.77528207             65.17770991
       56.50000            62.77541828             61.95926754
       56.60000            62.77555237             58.69930330
       56.70000            62.77568437             60.75951175
       56.80000            62.77581430             59.03423046
       56.90000            62.77594220             62.07291523
       57.00000            62.77606810             62.81290486
       57.10000            62.77619204             66.12906666
       57.20000            62.77631404             63.43016879
       57.30000            62.77643413             62.33823307
       57.40000            62.77655235             64.43536351
       57.50000            62.77666872             58.35439810
       57.60000            62.77678327             63.24801239
       57.70000            62.77689603             64.31862642
       57.80000            62.77700703             59.81983454
       57.90000            62.77711630             65.06462438
       58.00000            62.77722385             63.45421667
       58.10000            62.77732973             61.94675390
       58.20000            62.77743395             64.04299769
       58.30000            62.77753655             67.31892226
       58.40000            62.77763754             63.14137005
       58.50000            62.77773695             63.27417813
       58.60000            62.77783481             61.85911301
       58.70000            62.77793114             61.07824241
       58.80000            62.77802597             64.43869760
       58.90000            62.77811931             61.06595166
       59.00000            62.77821120             62.92134367
       59.10000            62.77830165             61.82298676
       59.20000            62.77839069             63.73635034
       59.30000            62.77847833             63.44580254
       59.40000            62.77856461             64.85364450
       59.50000            62.77864954             61.75861674
       59.60000            62.77873314             62.23898327
       59.70000            62.77881543             60.82128800
       59.80000            62.77889644             61.89030992
       59.90000            62.77897618             63.53357717
       60.00000            62.77905468             64.29303191
       60.10000            62.77913195             60.93480130
       60.20000            62.77920802             64.51841986
       60.30000            62.77928289             65.49055861
       60.40000            62.77935659             63.60622640
       60.50000            62.77942915             66.53302077
       60.60000            62.77950057             61.23192217
       60.70000            62.77957087             60.29026146
       60.80000            62.77964008             59.22219958
       60.90000            62.77970820             65.77179682
       61.00000            62.77977526             64.08850657
       61.10000            62.77984127             62.66867193
       61.20000            62.77990625             63.33984350
       61.30000            62.77997022             60.52899212
       61.40000            62.78003318             67.67153714
       61.50000            62.78009516             63.03853753
       61.60000            62.78015618             62.99894577
       61.70000            62.78021624             64.23174948
       61.80000            62.78027536             63.74229382
       61.90000            62.78033355             63.22810160
       62.00000            62.78039084             61.19944193
       62.10000            62.78044724             63.72338395
       62.20000            62.78050275             66.54455174
       62.30000            62.78055739             65.47139748
       62.40000            62.78061118             65.96698444
       62.50000            62.78066413             61.75823278
       62.60000            62.78071626             60.80150662
       62.70000            62.78076756             62.52919372
       62.80000            62.78081807             62.89226790
       62.90000            62.78086779             64.96925083
       63.00000            62.78091673             59.39598747
       63.10000            62.78096491             65.84006555
       63.20000            62.78101233             62.46499653
       63.30000            62.78105901             61.92729687
       63.40000            62.78110496             60.75689621
       63.50000            62.78115020             59.47143686
       63.60000            62.78119473             64.42753590
       63.70000            62.78123856             62.92787449
       63.80000            62.78128171             60.20135991
       63.90000            62.78132418             60.19116664
       64.00000            62.78136599             62.10979659
       64.10000            62.78140715             66.11945020
       64.20000            62.78144766             62.26226496
       64.30000            62.78148754             59.77520163
       64.40000            62.78152680             62.29004067
       64.50000            62.78156544             62.23611830
       64.60000            62.78160348             57.38783020
       64.70000            62.78164093             62.67305119
       64.80000            62.78167779             62.31980873
       64.90000            62.78171407             64.17412680
       65.00000            62.78174979             66.47966198
       65.10000            62.78178495             65.03491501
       65.20000            62.78181956             62.24404218
       65.30000            62.78185363             60.56880181
       65.40000            62.78188717             67.92860677
       65.50000            62.78192018             62.90035705
       65.60000            62.78195268             62.80981126
       65.70000            62.78198467             62.73373449
       65.80000            62.78201616             63.17818568
       65.90000            62.78204715             62.49332633
       66.00000            62.78207767             61.63475365
       66.10000            62.78210770             61.68838982
       66.20000            62.78213727             62.71663073
       66.30000            62.78216638             61.69531683
       66.40000            62.78219503             61.35650346
       66.50000            62.78222323             62.99508368
       66.60000            62.78225099             62.27229656
       66.70000            62.78227832             65.79026430
       66.80000            62.78230522             57.48036560
       66.90000            62.78233170             64.96534540
       67.00000            62.78235777             65.27452815
       67.10000            62.78238343             58.63560296
       67.20000            62.78240869             62.09703350
       67.30000            62.78243355             62.03955182
       67.40000            62.78245803             59.96743464
       67.50000            62.78248212             61.22684874
       67.60000            62.78250584             60.56135415
       67.70000            62.78252918             66.28707007
       67.80000            62.78255216             64.65390895
       67.90000            62.78257479             65.32568498
       68.00000            62.78259706             64.22594118
       68.10000            62.78261898             60.52451543
       68.20000            62.78264056             61.73360002
       68.30000            62.78266180             63.76141092
       68.40000            62.78268271             60.33842709
       68.50000            62.78270329             64.20870015
       68.60000            62.78272355             62.30207275
       68.70000            62.78274349             62.03310188
       68.80000            62.78276313             64.20468306
       68.90000            62.78278245             63.67130908
       69.00000            62.78280148             62.06086915
       69.10000            62.78282020             65.10147981
       69.20000            62.78283864             60.62071198
       69.30000            62.78285679             64.01472800
       69.40000            62.78287465             63.96907716
       69.50000            62.78289223             62.16379935
       69.60000            62.78290954             63.43517559
       69.70000            62.78292658             60.28069943
       69.80000            62.78294335             64.63099739
       69.90000            62.78295986             62.41315559
       70.00000            62.78297611             61.73753007
       70.10000            62.78299211             64.88101056
       70.20000            62.78300786             61.37432048
